filename	read_id	run_id	batch_id	channel	mux	start_time	duration	num_events	passes_filtering	template_start	num_events_template	template_duration	sequence_length_template	mean_qscore_template	strand_score_template	median_template	mad_template	scaling_median_template	scaling_mad_template
B71example0.fast5	017966a9-29a3-47aa-aebe-9bdea2becf9e	6c174770bb18c3fe1359860d3aeb87b3e8fc498a	0	265	1	54908.855750	22.947250	18357	TRUE	54909.103250	18159	22.699750	8498	12.772710	3.053154	80.365128	9.847805	80.365128	9.847805
B71example0.fast5	0f86cd7f-9bbb-4b64-a802-95165d69b3a8	6c174770bb18c3fe1359860d3aeb87b3e8fc498a	0	90	3	22029.987500	38.844250	31075	TRUE	22030.085000	30997	38.746750	14477	15.269475	3.086334	80.189270	10.551220	80.189270	10.551220
B71example0.fast5	133abf72-fb73-4528-a69a-3edba9c0a6fa	6c174770bb18c3fe1359860d3aeb87b3e8fc498a	0	493	2	60877.128500	3.240000	2592	TRUE	60877.429750	2351	2.938750	1015	12.912265	2.960593	84.409760	9.847805	84.409760	9.847805
B71example0.fast5	19ff1eff-0104-45b3-afa2-bd455bdbcac2	6c174770bb18c3fe1359860d3aeb87b3e8fc498a	0	498	4	39922.637500	32.321750	25857	TRUE	39922.783750	25740	32.175500	12294	13.329166	3.076263	77.199760	9.847805	77.199760	9.847805
B71example0.fast5	026b6bf4-4ba7-4df3-983d-290fcb1090f2	6c174770bb18c3fe1359860d3aeb87b3e8fc498a	0	172	3	39921.969250	82.254500	65803	TRUE	39922.068000	65724	82.155750	28306	14.037503	2.992996	75.089516	10.199512	75.089516	10.199512
B71example0.fast5	1543e847-c125-4a04-b880-287b6b85ae5e	6c174770bb18c3fe1359860d3aeb87b3e8fc498a	0	196	4	116261.929000	94.315750	75452	TRUE	116262.320250	75139	93.924500	29613	12.308955	2.858931	63.659027	8.440976	63.659027	8.440976
B71example0.fast5	0794bce1-3937-4372-8f50-ccd1af8a296e	6c174770bb18c3fe1359860d3aeb87b3e8fc498a	0	112	1	130081.800500	71.261500	57009	TRUE	130081.886750	56940	71.175250	22165	15.059686	2.910505	76.672203	9.847805	76.672203	9.847805
B71example0.fast5	8d6e7315-bbee-4144-b292-2fd11d2a1058	6c174770bb18c3fe1359860d3aeb87b3e8fc498a	0	484	4	24826.524750	52.011000	41608	TRUE	24826.596000	41551	51.939750	18774	15.077008	3.064182	77.903175	10.023659	77.903175	10.023659
B71example0.fast5	953a7f8a-b58a-4ca2-97aa-79f9df5252a2	6c174770bb18c3fe1359860d3aeb87b3e8fc498a	0	308	3	11006.213250	9.383750	7507	TRUE	11006.277000	7456	9.320000	3530	15.360243	3.102222	78.782440	9.847805	78.782440	9.847805
B71example0.fast5	1e615687-2300-418e-a140-a403cb616032	6c174770bb18c3fe1359860d3aeb87b3e8fc498a	0	132	1	112.795250	67.034000	53627	TRUE	112.866500	53570	66.962750	25579	15.902962	3.129749	82.299515	10.375366	82.299515	10.375366
B71example0.fast5	1ea10498-ab9e-4b1d-907b-214ff5d85112	6c174770bb18c3fe1359860d3aeb87b3e8fc498a	0	297	3	89449.217250	15.328750	12263	TRUE	89449.418500	12102	15.127500	4309	13.344034	2.813823	82.299515	10.902927	82.299515	10.902927
B71example0.fast5	08e1b3db-4655-41cf-ac82-6237b437bf51	6c174770bb18c3fe1359860d3aeb87b3e8fc498a	0	318	4	61981.581250	108.253000	86602	TRUE	61981.605000	86583	108.229250	40314	13.672196	3.026555	82.651222	10.199512	82.651222	10.199512
B71example0.fast5	20f5b5fa-f8fa-49d7-9d86-3a6ddee1932c	6c174770bb18c3fe1359860d3aeb87b3e8fc498a	0	182	2	1125.939500	29.308500	23446	TRUE	1126.409500	23070	28.838500	11108	17.873287	3.151940	74.561958	10.023659	74.561958	10.023659
B71example0.fast5	a5d4162b-801b-4f50-bb81-e0caf6c72941	6c174770bb18c3fe1359860d3aeb87b3e8fc498a	0	192	4	39130.559000	72.299000	57839	TRUE	39130.632750	57780	72.225250	27425	10.356485	3.034255	76.320496	9.496099	76.320496	9.496099
B71example0.fast5	29048f25-132d-482e-91c9-308adc564e12	6c174770bb18c3fe1359860d3aeb87b3e8fc498a	0	49	3	77120.633750	50.233000	40186	TRUE	77120.712500	40123	50.154250	16516	15.947145	2.981233	82.651222	10.375366	82.651222	10.375366
B71example0.fast5	24da2c11-ea79-4eb4-bea2-2409659b20f5	6c174770bb18c3fe1359860d3aeb87b3e8fc498a	0	234	3	65948.187750	166.842750	133474	TRUE	65948.781500	132999	166.249000	54557	15.125238	2.959546	70.869026	9.320245	70.869026	9.320245
B71example0.fast5	2839c007-c67b-4f15-91b6-53065890fcf8	6c174770bb18c3fe1359860d3aeb87b3e8fc498a	0	247	3	62202.303000	33.355250	26684	TRUE	62202.359250	26639	33.299000	13790	15.988247	3.193466	72.100006	9.144391	72.100006	9.144391
B71example0.fast5	0d240301-b309-40ff-bc6b-1e413d45a771	6c174770bb18c3fe1359860d3aeb87b3e8fc498a	0	64	1	58356.936250	97.742000	78193	TRUE	58357.005000	78138	97.673250	29969	16.210735	2.915909	75.792931	10.023659	75.792931	10.023659
B71example0.fast5	2be4d1f2-3703-4bf7-baba-2d0eb8ea0551	6c174770bb18c3fe1359860d3aeb87b3e8fc498a	0	360	2	94726.599250	65.224000	52179	TRUE	94726.656750	52133	65.166500	21512	14.482360	2.953821	83.002930	10.199512	83.002930	10.199512
B71example0.fast5	b7013229-23a1-408c-a7c8-b9a411be9cad	6c174770bb18c3fe1359860d3aeb87b3e8fc498a	0	427	2	100139.657000	134.017500	107214	TRUE	100139.682000	107194	133.992500	42538	15.381138	2.933196	81.947807	10.199512	81.947807	10.199512
B71example0.fast5	3c06d500-67d3-4c4e-925c-04b8fff342dd	6c174770bb18c3fe1359860d3aeb87b3e8fc498a	0	229	2	116403.110250	107.228250	85782	TRUE	116403.179000	85727	107.159500	30442	15.919472	2.843250	84.058052	10.551220	84.058052	10.551220
B71example0.fast5	29b4e49a-05dc-4f4c-b549-7435832aec86	6c174770bb18c3fe1359860d3aeb87b3e8fc498a	0	239	3	69414.098750	123.431000	98744	TRUE	69414.178750	98680	123.351000	43137	15.112811	3.026706	80.716835	10.199512	80.716835	10.199512
B71example0.fast5	36eefe31-9d61-41dd-a5f7-103658b9675c	6c174770bb18c3fe1359860d3aeb87b3e8fc498a	0	300	2	113546.542250	94.204000	75363	TRUE	113546.598500	75318	94.147750	29199	10.911832	2.780876	81.244392	10.023659	81.244392	10.023659
B71example0.fast5	b76ab46c-96c9-4703-9c3f-be3223db0963	6c174770bb18c3fe1359860d3aeb87b3e8fc498a	0	77	3	52038.084500	134.422250	107537	TRUE	52038.224500	107425	134.282250	33612	15.705734	2.749594	75.792931	9.671952	75.792931	9.671952
B71example0.fast5	41cd0a87-0906-4c43-8c5f-9a0e60947566	6c174770bb18c3fe1359860d3aeb87b3e8fc498a	0	420	4	7323.303750	84.034500	67227	TRUE	7323.565000	67018	83.773250	32291	15.840014	3.144427	75.617081	9.671952	75.617081	9.671952
B71example0.fast5	2c27e1ff-b249-4a9b-900b-f772a3a25f31	6c174770bb18c3fe1359860d3aeb87b3e8fc498a	0	72	2	29218.646250	82.151500	65721	TRUE	29218.675000	65698	82.122750	30867	16.037846	3.117530	81.771957	10.199512	81.771957	10.199512
B71example0.fast5	336eb6c1-cb3a-48f1-ada3-9c757151bdcd	6c174770bb18c3fe1359860d3aeb87b3e8fc498a	0	352	1	29460.620250	44.245750	35396	TRUE	29460.747750	35294	44.118250	15641	16.590199	3.067204	78.079033	9.847805	78.079033	9.847805
B71example0.fast5	c399bcad-3b5d-4c29-a342-44f740d2f222	6c174770bb18c3fe1359860d3aeb87b3e8fc498a	0	223	3	50581.799000	60.372250	48297	TRUE	50581.879000	48233	60.292250	20642	13.580625	2.990328	78.430740	9.671952	78.430740	9.671952
B71example0.fast5	38562591-1c4f-44fd-acb8-f5b6800fafcb	6c174770bb18c3fe1359860d3aeb87b3e8fc498a	0	136	1	20285.858750	140.321750	112257	TRUE	20285.908750	112217	140.271750	57348	12.118560	3.095929	74.034393	9.144391	74.034393	9.144391
B71example0.fast5	5c4562a3-bca9-491c-bf72-e51ec0cbdd45	6c174770bb18c3fe1359860d3aeb87b3e8fc498a	0	270	2	10482.778000	94.003750	75203	TRUE	10482.893000	75111	93.888750	35786	16.122223	3.121772	75.265373	9.671952	75.265373	9.671952
B71example0.fast5	5f8931e4-ade7-4164-8ce4-6afcb9aa27a9	6c174770bb18c3fe1359860d3aeb87b3e8fc498a	0	76	4	7581.414000	18.634500	14907	TRUE	7581.487750	14848	18.560750	5864	12.293277	2.810306	71.220734	8.265122	71.220734	8.265122
B71example0.fast5	3f7e6860-79aa-47cd-80aa-f5850674e103	6c174770bb18c3fe1359860d3aeb87b3e8fc498a	0	46	3	27130.735250	42.956500	34365	TRUE	27130.821500	34296	42.870250	13722	14.565443	2.934723	78.430740	9.320245	78.430740	9.320245
B71example0.fast5	5fde3897-9541-4a24-bd43-01cd3e8a6811	6c174770bb18c3fe1359860d3aeb87b3e8fc498a	0	400	4	72419.346750	28.461250	22769	TRUE	72419.478000	22664	28.330000	10520	12.309366	3.001869	78.079033	10.023659	78.079033	10.023659
B71example0.fast5	c6b28e5b-db66-4333-abf2-d16687e3ebaf	6c174770bb18c3fe1359860d3aeb87b3e8fc498a	0	171	4	157866.292250	92.306000	73844	FALSE	157866.334750	73810	92.263500	33175	8.043093	2.824620	82.827080	9.847805	82.827080	9.847805
B71example0.fast5	39bf0f8e-b76d-44fd-b3e0-904679f4c734	6c174770bb18c3fe1359860d3aeb87b3e8fc498a	0	265	1	335.142750	97.822500	78258	TRUE	335.347750	78094	97.617500	40162	12.896288	3.160475	84.409760	10.199512	84.409760	10.199512
B71example0.fast5	c6c3c9e0-8b03-4f11-9ac7-95a0e765c1f8	6c174770bb18c3fe1359860d3aeb87b3e8fc498a	0	151	2	32739.663500	5.136250	4109	TRUE	32739.721000	4063	5.078750	1715	15.950783	3.011362	69.462196	9.144391	69.462196	9.144391
B71example0.fast5	47a52087-fd4d-409d-ba7c-1fd59896e758	6c174770bb18c3fe1359860d3aeb87b3e8fc498a	0	133	3	60812.509000	71.216250	56973	TRUE	60812.614000	56889	71.111250	26618	14.479117	3.076861	79.837563	9.847805	79.837563	9.847805
B71example0.fast5	3dc337ce-2c90-45d2-a47f-24d59e508206	6c174770bb18c3fe1359860d3aeb87b3e8fc498a	0	481	3	121579.094250	81.405250	65124	TRUE	121579.279250	64976	81.220250	29685	14.544333	3.049659	78.958298	10.199512	78.958298	10.199512
B71example0.fast5	61e247ff-6a2d-40a1-bbd9-629d622fdf7f	6c174770bb18c3fe1359860d3aeb87b3e8fc498a	0	370	3	79169.520000	87.037500	69630	TRUE	79169.816250	69393	86.741250	28157	15.147100	2.949421	72.803421	9.847805	72.803421	9.847805
B71example0.fast5	c89f8efc-0809-4a12-8426-678e299c000f	6c174770bb18c3fe1359860d3aeb87b3e8fc498a	0	350	2	6865.513750	130.169250	104135	TRUE	6865.555000	104102	130.128000	55367	12.063585	3.147132	77.375618	10.023659	77.375618	10.023659
B71example0.fast5	44ecb384-3a51-4569-b33a-6d35d4e90ee4	6c174770bb18c3fe1359860d3aeb87b3e8fc498a	0	72	4	48920.735000	70.629250	56503	TRUE	48920.832500	56425	70.531750	24801	14.582371	3.034750	80.716835	10.023659	80.716835	10.023659
B71example0.fast5	4a504d8a-e869-433f-8553-ac800291349a	6c174770bb18c3fe1359860d3aeb87b3e8fc498a	0	470	1	89416.659750	89.469000	71575	FALSE	89416.703500	71540	89.425250	29763	8.705485	2.802114	77.727325	9.320245	77.727325	9.320245
B71example0.fast5	453ed5e6-27db-46f6-8399-5bc51a1207b2	6c174770bb18c3fe1359860d3aeb87b3e8fc498a	0	468	1	203666.428000	7.896750	6317	TRUE	203666.428000	6317	7.896750	2342	10.502864	2.770067	102.698540	12.661465	102.698540	12.661465
B71example0.fast5	4efbe2a5-67fa-4732-808d-1521079d3b57	6c174770bb18c3fe1359860d3aeb87b3e8fc498a	0	499	3	49200.915250	15.586000	12468	TRUE	49200.985250	12412	15.516000	5594	13.443454	3.049042	80.189270	10.023659	80.189270	10.023659
B71example0.fast5	506e4136-0500-405c-ac6e-2ff43994500d	6c174770bb18c3fe1359860d3aeb87b3e8fc498a	0	339	2	1217.439250	18.166000	14532	TRUE	1217.460500	14515	18.144750	6859	13.188201	3.074593	80.365128	9.671952	80.365128	9.671952
B71example0.fast5	c94ddaff-ee44-4af7-97fe-83097132106a	6c174770bb18c3fe1359860d3aeb87b3e8fc498a	0	301	4	6971.470000	107.262500	85810	TRUE	6971.566250	85733	107.166250	40551	15.851149	3.121749	74.561958	9.496099	74.561958	9.496099
B71example0.fast5	46aaad2c-accb-4f37-8c27-8610539b754c	6c174770bb18c3fe1359860d3aeb87b3e8fc498a	0	493	1	29809.718250	57.416750	45933	TRUE	29809.925750	45767	57.209250	18931	13.236735	2.941035	76.320496	9.847805	76.320496	9.847805
B71example0.fast5	6778ff9c-3397-46ee-9781-c08a0f911873	6c174770bb18c3fe1359860d3aeb87b3e8fc498a	0	420	3	12959.772250	137.845500	110276	TRUE	12960.059750	110046	137.558000	49621	13.530221	3.038438	75.617081	9.671952	75.617081	9.671952
B71example0.fast5	510b12e3-69b3-4219-bbb4-730404f886ce	6c174770bb18c3fe1359860d3aeb87b3e8fc498a	0	435	4	68458.655750	37.388250	29910	TRUE	68458.694500	29879	37.349500	13957	11.535356	2.965312	80.013420	10.023659	80.013420	10.023659
B71example0.fast5	ca4915d7-394b-4495-8237-d30d6c564f3f	6c174770bb18c3fe1359860d3aeb87b3e8fc498a	0	327	3	67479.218000	32.908250	26326	TRUE	67479.259250	26293	32.867000	7742	15.022516	2.709039	81.947807	10.023659	81.947807	10.023659
B71example0.fast5	7dbf1a92-b14f-467f-b7a3-00518c22349c	6c174770bb18c3fe1359860d3aeb87b3e8fc498a	0	471	4	89157.698250	41.217500	32974	TRUE	89157.744500	32937	41.171250	14597	13.534461	2.986020	77.551468	9.847805	77.551468	9.847805
B71example0.fast5	48733a99-7a37-4b29-a1a8-0538b918202d	6c174770bb18c3fe1359860d3aeb87b3e8fc498a	0	319	4	96495.667500	59.878250	47902	TRUE	96495.722500	47858	59.823250	19648	12.694550	2.913869	91.443909	10.902927	91.443909	10.902927
B71example0.fast5	5fdfc3c3-bf4a-405b-bf61-759652ffbbd9	6c174770bb18c3fe1359860d3aeb87b3e8fc498a	0	375	1	109394.234000	54.610000	43688	TRUE	109394.514000	43464	54.330000	19071	9.464835	2.848861	68.934639	8.792684	68.934639	8.792684
B71example0.fast5	663a26f6-0063-44a4-8f6d-93ed97b60509	6c174770bb18c3fe1359860d3aeb87b3e8fc498a	0	200	2	130162.585500	60.871750	48697	TRUE	130162.889250	48454	60.568000	18513	15.477439	2.902320	77.551468	10.023659	77.551468	10.023659
B71example0.fast5	cabbb700-37a5-43c2-a1a2-a5db0af014bf	6c174770bb18c3fe1359860d3aeb87b3e8fc498a	0	271	2	107569.209250	91.823500	73458	TRUE	107569.298000	73387	91.734750	28249	14.790708	2.894060	73.506836	9.496099	73.506836	9.496099
B71example0.fast5	5ac1edb2-dec8-4df3-8703-0cad3dba6d6b	6c174770bb18c3fe1359860d3aeb87b3e8fc498a	0	388	3	87193.288250	70.471500	56377	TRUE	87193.330750	56343	70.429000	22203	15.239614	2.917207	75.265373	9.496099	75.265373	9.496099
B71example0.fast5	7eb19bf0-7d53-41c5-938f-da17bc052674	6c174770bb18c3fe1359860d3aeb87b3e8fc498a	0	66	3	93485.852000	87.595250	70076	TRUE	93485.998250	69959	87.449000	29395	14.937455	2.979110	82.123665	10.375366	82.123665	10.375366
B71example0.fast5	cad921b8-02fe-4076-963c-6aa28fe4f46f	6c174770bb18c3fe1359860d3aeb87b3e8fc498a	0	114	4	22670.830250	76.757250	61405	TRUE	22670.879000	61366	76.708500	30332	12.333814	3.069808	81.244392	9.847805	81.244392	9.847805
B71example0.fast5	7ef37154-47f9-4377-9b65-e2faced5a82a	6c174770bb18c3fe1359860d3aeb87b3e8fc498a	0	306	4	32740.947000	80.567750	64454	TRUE	32741.014500	64400	80.500250	28548	14.912879	3.039222	74.210251	9.671952	74.210251	9.671952
B71example0.fast5	ceb17801-9898-435f-8cfb-81802e5a9d73	6c174770bb18c3fe1359860d3aeb87b3e8fc498a	0	64	1	93792.648000	20.921750	16737	TRUE	93793.431750	16110	20.138000	7312	14.875319	3.047045	67.351959	8.792684	67.351959	8.792684
B71example0.fast5	68a27e58-326d-40df-9596-77945763ca71	6c174770bb18c3fe1359860d3aeb87b3e8fc498a	0	360	4	72068.721750	97.654750	78123	TRUE	72068.953000	77938	97.423500	31384	15.203198	2.947264	77.375618	10.023659	77.375618	10.023659
B71example0.fast5	d0835f42-d539-403a-8ced-cc076e0330d3	6c174770bb18c3fe1359860d3aeb87b3e8fc498a	0	30	2	44854.541250	12.987250	10389	TRUE	44854.551250	10381	12.977250	4782	13.386968	3.038633	76.320496	9.671952	76.320496	9.671952
B71example0.fast5	6f1888bc-a7f2-4c0c-b969-f28ad94f6332	6c174770bb18c3fe1359860d3aeb87b3e8fc498a	0	39	2	122654.255750	168.048250	134438	TRUE	122654.683250	134096	167.620750	52294	14.057776	2.895987	77.903175	9.671952	77.903175	9.671952
B71example0.fast5	6f8a6d19-4b79-41c3-9400-9ad787fe4510	6c174770bb18c3fe1359860d3aeb87b3e8fc498a	0	454	3	43913.597500	5.664500	4531	TRUE	43913.637500	4499	5.624500	2143	9.906959	2.961731	81.068542	9.847805	81.068542	9.847805
B71example0.fast5	80061805-7224-47af-8939-0f9fcee24053	6c174770bb18c3fe1359860d3aeb87b3e8fc498a	0	436	3	83453.335500	107.507750	86006	TRUE	83453.486750	85885	107.356500	38290	12.092273	2.980794	79.661713	9.671952	79.661713	9.671952
B71example0.fast5	d10fd348-96f9-4edb-b67d-65921314b8d5	6c174770bb18c3fe1359860d3aeb87b3e8fc498a	0	229	4	35660.083000	127.530750	102024	TRUE	35660.184250	101943	127.429500	42186	15.010719	2.983024	75.089516	9.671952	75.089516	9.671952
B71example0.fast5	6e6c75bb-c21b-48f6-a428-1e17edbb820d	6c174770bb18c3fe1359860d3aeb87b3e8fc498a	0	47	1	26745.826250	146.900000	117520	TRUE	26745.870000	117485	146.856250	52607	13.144367	3.027116	76.496346	9.496099	76.496346	9.496099
B71example0.fast5	d9a58770-d081-4147-b9b5-20e06c1dac0b	6c174770bb18c3fe1359860d3aeb87b3e8fc498a	0	121	3	67400.983750	35.745000	28596	TRUE	67401.102500	28501	35.626250	12283	13.879264	2.982990	78.958298	10.199512	78.958298	10.199512
B71example0.fast5	6e816c4e-a44b-4a29-b647-12fdfeb8b96b	6c174770bb18c3fe1359860d3aeb87b3e8fc498a	0	148	2	134546.322000	23.193750	18555	FALSE	134546.415750	18480	23.100000	6487	8.941856	2.655866	79.485855	9.671952	79.485855	9.671952
B71example0.fast5	7ed6d64d-075a-44bc-86eb-3ec513b12b93	6c174770bb18c3fe1359860d3aeb87b3e8fc498a	0	388	3	71987.715250	152.602000	122081	TRUE	71988.025250	121833	152.292000	36545	16.568647	2.739255	78.782440	10.023659	78.782440	10.023659
B71example0.fast5	dbb4df27-f149-4d24-919d-c0bc287c23d0	6c174770bb18c3fe1359860d3aeb87b3e8fc498a	0	495	1	51990.960250	50.637750	40510	TRUE	51991.007750	40472	50.590250	18304	14.256241	3.029363	78.606590	9.847805	78.606590	9.847805
B71example0.fast5	78488af0-37e0-432c-9008-4eda8f431297	6c174770bb18c3fe1359860d3aeb87b3e8fc498a	0	291	4	61341.824750	48.230750	38584	TRUE	61341.838500	38573	48.217000	19992	11.494319	3.078652	75.792931	9.671952	75.792931	9.671952
B71example0.fast5	82d6f3a6-8151-4394-937f-cdcebde33e67	6c174770bb18c3fe1359860d3aeb87b3e8fc498a	0	170	2	11176.301750	139.206250	111365	TRUE	11176.346750	111329	139.161250	51291	15.075017	3.084288	77.551468	10.023659	77.551468	10.023659
B71example0.fast5	8c86d344-50ae-4731-acbb-6ba9ae6e94a0	6c174770bb18c3fe1359860d3aeb87b3e8fc498a	0	499	3	49166.767750	34.147500	27318	TRUE	49166.799000	27293	34.116250	12700	12.818468	3.068968	80.189270	10.023659	80.189270	10.023659
B71example0.fast5	8ddb01cc-0575-4873-b693-3f1cc689faf8	6c174770bb18c3fe1359860d3aeb87b3e8fc498a	0	27	4	46357.293000	10.237000	8189	TRUE	46357.320500	8167	10.209500	3611	14.431107	3.022579	80.716835	10.023659	80.716835	10.023659
B71example0.fast5	8fd9733f-2d0e-489b-a08c-91cd3f25136b	6c174770bb18c3fe1359860d3aeb87b3e8fc498a	0	408	1	38212.165000	6.567000	5253	TRUE	38212.442500	5031	6.289500	2417	9.978960	3.019564	80.365128	9.496099	80.365128	9.496099
B71example0.fast5	786b5033-a069-47cc-9969-2cfb8743a089	6c174770bb18c3fe1359860d3aeb87b3e8fc498a	0	157	4	29453.496500	64.104500	51283	TRUE	29453.814000	51029	63.787000	24069	15.585188	3.110127	78.606590	9.671952	78.606590	9.671952
B71example0.fast5	e00b58f6-6ba2-43f3-b0cf-e1947ebcf534	6c174770bb18c3fe1359860d3aeb87b3e8fc498a	0	263	3	32616.060500	72.771000	58216	TRUE	32616.394250	57949	72.437250	25893	15.186941	3.057445	73.330978	9.671952	73.330978	9.671952
B71example0.fast5	e04522d4-2de0-4676-8935-3439bafd5d34	6c174770bb18c3fe1359860d3aeb87b3e8fc498a	0	40	2	43948.774500	17.107000	13685	TRUE	43948.874500	13605	17.007000	5858	13.804770	2.992832	81.420250	10.023659	81.420250	10.023659
B71example0.fast5	e20b4b3e-5662-4cb7-a45f-c4e6348656b7	6c174770bb18c3fe1359860d3aeb87b3e8fc498a	0	422	4	20694.608500	13.075750	10460	TRUE	20694.686000	10398	12.998250	5386	9.096350	3.086161	77.727325	10.023659	77.727325	10.023659
B71example0.fast5	8cc4f163-d76e-464a-aacb-9d6603e55b89	6c174770bb18c3fe1359860d3aeb87b3e8fc498a	0	315	1	88835.537750	99.679750	79743	TRUE	88835.569000	79718	99.648500	40241	10.250035	3.011611	74.210251	9.496099	74.210251	9.496099
B71example0.fast5	906feebf-ab36-47ad-a0ae-c0bc89e7b525	6c174770bb18c3fe1359860d3aeb87b3e8fc498a	0	392	3	34563.000000	85.412750	68330	TRUE	34563.166250	68197	85.246500	30690	15.285681	3.067260	76.320496	9.847805	76.320496	9.847805
B71example0.fast5	79c429f2-7921-4f3b-aaff-6e370d32489d	6c174770bb18c3fe1359860d3aeb87b3e8fc498a	0	416	3	93759.298000	65.105750	52084	TRUE	93759.298000	52084	65.105750	21840	13.917360	2.960980	81.771957	10.023659	81.771957	10.023659
B71example0.fast5	79e155fc-32aa-44bf-a13d-c55e3c8e6c50	6c174770bb18c3fe1359860d3aeb87b3e8fc498a	0	408	4	57227.245500	18.032250	14425	TRUE	57227.245500	14425	18.032250	5194	11.990000	2.797823	77.199760	13.013171	77.199760	13.013171
B71example0.fast5	92e72b28-d679-4d6e-b7c4-db045ce36082	6c174770bb18c3fe1359860d3aeb87b3e8fc498a	0	473	4	83488.566250	47.948750	38359	TRUE	83488.620000	38316	47.895000	16107	12.848856	2.938828	75.617081	9.671952	75.617081	9.671952
B71example0.fast5	94d0dc51-89c0-485a-a7bd-f582a9e42366	6c174770bb18c3fe1359860d3aeb87b3e8fc498a	0	366	1	82332.379750	90.060250	72048	TRUE	82333.223500	71373	89.216500	32072	12.333550	2.983998	69.110489	8.792684	69.110489	8.792684
B71example0.fast5	7dc0334d-b687-43fe-bcfd-64cc2521bed6	6c174770bb18c3fe1359860d3aeb87b3e8fc498a	0	178	3	81301.477750	74.437750	59550	TRUE	81301.646500	59415	74.269000	23172	15.059315	2.905360	68.055367	8.792684	68.055367	8.792684
B71example0.fast5	e5f97851-23a4-4a90-9fbc-97f7fe26be7d	6c174770bb18c3fe1359860d3aeb87b3e8fc498a	0	13	1	32504.518500	141.092500	112874	TRUE	32504.569750	112833	141.041250	51130	14.262147	3.056705	77.375618	9.671952	77.375618	9.671952
B71example0.fast5	9e5329ca-bcce-438c-9d5b-70248913a209	6c174770bb18c3fe1359860d3aeb87b3e8fc498a	0	373	4	71001.533750	102.174500	81739	TRUE	71001.783750	81539	101.924500	33248	15.854309	2.967190	69.813904	9.320245	69.813904	9.320245
B71example0.fast5	7e6568db-68e2-4545-910b-1c49ad8d08c6	6c174770bb18c3fe1359860d3aeb87b3e8fc498a	0	507	4	89414.638750	59.838750	47871	TRUE	89414.721250	47805	59.756250	21486	11.029906	2.943354	83.706345	10.199512	83.706345	10.199512
B71example0.fast5	e68569f6-06f7-4c26-8703-4725cf4d8974	6c174770bb18c3fe1359860d3aeb87b3e8fc498a	0	263	3	2951.049500	46.700000	37360	TRUE	2951.154500	37276	46.595000	20341	14.079659	3.224631	75.968788	9.496099	75.968788	9.496099
B71example0.fast5	a3c8392c-1582-4777-b50d-0239b15bb94c	6c174770bb18c3fe1359860d3aeb87b3e8fc498a	0	95	1	56646.193000	127.396000	101916	TRUE	56646.618000	101576	126.971000	43116	15.497014	3.014104	79.134148	9.847805	79.134148	9.847805
B71example0.fast5	e6fcae70-a8d7-4e79-b02d-a3c7696f63a5	6c174770bb18c3fe1359860d3aeb87b3e8fc498a	0	44	2	107204.833500	63.810750	51048	TRUE	107204.913500	50984	63.730750	23255	11.418307	2.980450	76.848053	9.496099	76.848053	9.496099
B71example0.fast5	9f287d5c-18bf-45d1-8ecb-16e048f8c5e0	6c174770bb18c3fe1359860d3aeb87b3e8fc498a	0	23	3	62015.730750	93.927000	75141	TRUE	62015.757000	75120	93.900750	27846	15.369549	2.874443	76.848053	9.847805	76.848053	9.847805
B71example0.fast5	a0703d2b-ca90-4d4b-a0b2-0dd988d4621f	6c174770bb18c3fe1359860d3aeb87b3e8fc498a	0	315	1	88701.875500	133.457000	106765	TRUE	88702.073000	106607	133.259500	43483	15.331355	2.955111	75.089516	9.671952	75.089516	9.671952
B71example0.fast5	e8921d47-8163-4aba-a205-03cb409e69ae	6c174770bb18c3fe1359860d3aeb87b3e8fc498a	0	55	4	33034.745500	57.684250	46147	TRUE	33034.828000	46081	57.601750	18803	11.732522	2.874647	73.506836	9.320245	73.506836	9.320245
B71example0.fast5	e9ace0dd-20a6-4c95-9b7d-8877980347bc	6c174770bb18c3fe1359860d3aeb87b3e8fc498a	0	130	2	10983.433000	10.956000	8764	TRUE	10983.506750	8705	10.882250	3711	16.334940	3.022844	77.551468	9.496099	77.551468	9.496099
B71example0.fast5	a5faaccf-f9b7-4706-b1bf-b91da7be64cb	6c174770bb18c3fe1359860d3aeb87b3e8fc498a	0	421	3	92327.550500	31.181000	24944	TRUE	92327.586750	24915	31.144750	12692	9.711108	3.005198	85.289032	9.847805	85.289032	9.847805
B71example0.fast5	b7483a15-7c35-4dd1-97b4-bb30609f76c7	6c174770bb18c3fe1359860d3aeb87b3e8fc498a	0	299	2	1120.920250	21.292000	17033	TRUE	1121.057750	16923	21.154500	7962	13.887233	3.082765	76.672203	9.496099	76.672203	9.496099
B71example0.fast5	c53c0247-ccba-4d88-90d5-a901918512a6	6c174770bb18c3fe1359860d3aeb87b3e8fc498a	0	30	2	44763.433500	90.998000	72798	TRUE	44763.492250	72751	90.939250	30222	13.554322	2.953091	76.672203	9.671952	76.672203	9.671952
B71example0.fast5	eb141b22-39fc-4439-9665-ac958b7c0f8b	6c174770bb18c3fe1359860d3aeb87b3e8fc498a	0	163	1	12718.644000	85.033250	68026	TRUE	12718.801500	67900	84.875750	32090	13.448379	3.080950	77.199760	9.847805	77.199760	9.847805
B71example0.fast5	aa5e19c7-7936-4582-beda-ef72347b83d9	6c174770bb18c3fe1359860d3aeb87b3e8fc498a	0	201	2	57190.520000	180.304750	144243	TRUE	57190.722500	144081	180.102250	65387	12.382320	3.015681	82.123665	10.199512	82.123665	10.199512
B71example0.fast5	e396707c-44a9-4e54-923b-8ff1f832d473	6c174770bb18c3fe1359860d3aeb87b3e8fc498a	0	365	3	29220.204250	116.378250	93102	TRUE	29220.283000	93039	116.299500	43561	15.074610	3.082394	77.727325	10.023659	77.727325	10.023659
B71example1.fast5	21f689a0-40c7-4964-8a94-d62f76b54797	6c174770bb18c3fe1359860d3aeb87b3e8fc498a	0	479	2	36362.503000	62.464250	49971	TRUE	36362.958000	49607	62.009250	24298	13.475449	3.094872	76.496346	9.671952	76.496346	9.671952
B71example0.fast5	e446fb9e-182c-460f-927f-b5124a59e492	6c174770bb18c3fe1359860d3aeb87b3e8fc498a	0	444	2	111184.270500	57.762500	46210	TRUE	111184.398000	46108	57.635000	18718	16.370754	2.964303	82.299515	10.199512	82.299515	10.199512
B71example0.fast5	cbf3ea1a-7369-42d8-be98-b51f07bcee5a	6c174770bb18c3fe1359860d3aeb87b3e8fc498a	0	462	1	32738.199000	148.999750	119199	TRUE	32738.381500	119053	148.817250	54295	14.950363	3.071053	77.023911	9.847805	77.023911	9.847805
B71example1.fast5	ac487358-7205-4d8d-bad7-051be57669da	6c174770bb18c3fe1359860d3aeb87b3e8fc498a	0	97	4	51738.127250	71.055500	56844	TRUE	51738.207250	56780	70.975500	25577	12.989836	3.002220	80.013420	10.199512	80.013420	10.199512
B71example1.fast5	ac8af055-d9d7-4c23-8c24-88b3b3f457fc	6c174770bb18c3fe1359860d3aeb87b3e8fc498a	0	481	3	98180.982250	32.043500	25634	TRUE	98181.109750	25532	31.916000	10466	15.625433	2.975720	80.365128	9.847805	80.365128	9.847805
B71example0.fast5	abb9dc45-08c6-4192-bbda-7bb1dc2a49f4	6c174770bb18c3fe1359860d3aeb87b3e8fc498a	0	392	4	72490.293000	182.776750	146221	TRUE	72490.744250	145860	182.325500	55049	14.146038	2.875948	74.386101	9.496099	74.386101	9.496099
B71example0.fast5	e5c13739-ca58-4e60-b5f1-5be66a567dfa	6c174770bb18c3fe1359860d3aeb87b3e8fc498a	0	435	3	44290.506250	82.310000	65848	TRUE	44290.508750	65846	82.307500	27678	14.804152	3.000916	81.771957	10.199512	81.771957	10.199512
B71example0.fast5	ae872141-d728-43c7-8f65-625ac1f563f9	6c174770bb18c3fe1359860d3aeb87b3e8fc498a	0	480	4	24865.855750	29.406750	23525	TRUE	24865.942000	23456	29.320500	9549	14.432903	2.956569	77.023911	10.551220	77.023911	10.551220
B71example0.fast5	fb36c6fa-864e-4420-915b-7a0bd1400d75	6c174770bb18c3fe1359860d3aeb87b3e8fc498a	0	262	4	69124.656250	32.820250	26256	TRUE	69124.772500	26163	32.704000	10863	15.322643	2.977947	83.002930	10.199512	83.002930	10.199512
B71example1.fast5	e5baf8d2-7c5d-45ed-90bc-e1e4d1aaf9e6	6c174770bb18c3fe1359860d3aeb87b3e8fc498a	0	203	3	73876.405500	71.714500	57371	TRUE	73876.588000	57225	71.532000	24519	11.064849	2.940179	72.100006	9.847805	72.100006	9.847805
B71example0.fast5	d905f4e4-1ba6-4ba4-a296-cb5ee6b2b98d	6c174770bb18c3fe1359860d3aeb87b3e8fc498a	0	161	3	117198.875500	118.459500	94767	TRUE	117198.923000	94729	118.412000	38827	14.269968	2.931083	72.803421	9.496099	72.803421	9.496099
B71example1.fast5	e7a1deda-d87b-4f1a-a6af-87cdf0744bec	6c174770bb18c3fe1359860d3aeb87b3e8fc498a	0	304	2	66769.180250	43.113000	34490	TRUE	66769.187750	34484	43.105500	14307	15.752426	2.985550	84.409760	10.375366	84.409760	10.375366
B71example0.fast5	b17eb435-e8d0-46bb-8567-809b9f03e551	6c174770bb18c3fe1359860d3aeb87b3e8fc498a	0	374	1	24855.442250	85.346000	68276	TRUE	24855.484750	68242	85.303500	29493	16.888823	3.042739	77.199760	10.023659	77.199760	10.023659
B71example0.fast5	fc7aa131-f9ae-491d-8a31-f692622751a5	6c174770bb18c3fe1359860d3aeb87b3e8fc498a	0	374	2	46549.532750	113.353750	90683	TRUE	46549.586500	90640	113.300000	41216	13.148577	3.053344	78.958298	10.023659	78.958298	10.023659
B71example0.fast5	b485661a-0485-4179-9ad1-823ee1726b7f	6c174770bb18c3fe1359860d3aeb87b3e8fc498a	0	400	2	8182.523500	82.938000	66350	TRUE	8182.597250	66291	82.864250	33695	14.796989	3.188806	77.727325	9.847805	77.727325	9.847805
B71example1.fast5	eea48d4c-4391-4c89-9f8d-0a94a2885447	6c174770bb18c3fe1359860d3aeb87b3e8fc498a	0	240	3	64503.088000	127.871750	102297	TRUE	64503.416750	102034	127.543000	39586	15.027142	2.914469	72.627563	9.671952	72.627563	9.671952
B71example0.fast5	fcc79fe3-19cb-4330-9c81-a688993a3574	6c174770bb18c3fe1359860d3aeb87b3e8fc498a	0	399	2	35399.134500	73.750250	59000	TRUE	35399.168250	58973	73.716500	26515	15.856352	3.068542	75.792931	9.496099	75.792931	9.496099
B71example1.fast5	ef1d9379-9f1b-46c6-bcc3-6903fade8926	6c174770bb18c3fe1359860d3aeb87b3e8fc498a	0	239	3	32396.323250	12.623250	10098	TRUE	32396.385750	10048	12.560750	3805	14.425669	2.833396	82.651222	10.551220	82.651222	10.551220
B71example0.fast5	dba4caf3-06c6-4b1e-bd0d-3cdf1b31b1c2	6c174770bb18c3fe1359860d3aeb87b3e8fc498a	0	188	3	13562.503250	178.303000	142642	TRUE	13562.623250	142546	178.183000	62830	15.144548	3.044802	76.672203	9.847805	76.672203	9.847805
B71example0.fast5	ed83f816-d076-4d6b-93eb-ec1d86d1e666	6c174770bb18c3fe1359860d3aeb87b3e8fc498a	0	21	3	26558.043250	5.542750	4434	TRUE	26558.479500	4085	5.106500	1810	13.118606	2.988317	78.430740	10.023659	78.430740	10.023659
B71example1.fast5	000cca4b-72fa-47cb-812d-740d5b171fff	6c174770bb18c3fe1359860d3aeb87b3e8fc498a	0	272	2	67163.086500	64.861250	51889	TRUE	67163.239000	51767	64.708750	25041	11.954768	3.035603	80.892685	10.199512	80.892685	10.199512
B71example0.fast5	f474f529-e2ac-43b4-850d-b004dde23243	6c174770bb18c3fe1359860d3aeb87b3e8fc498a	0	177	4	66159.122500	51.289250	41031	TRUE	66159.151250	41008	51.260500	19000	13.815809	3.057153	83.882202	10.375366	83.882202	10.375366
B71example1.fast5	f28c7b98-1552-4fef-9d69-3924c35d712a	6c174770bb18c3fe1359860d3aeb87b3e8fc498a	0	199	3	74237.908250	109.480500	87584	TRUE	74237.949500	87551	109.439250	38774	9.526616	2.855865	73.155128	8.792684	73.155128	8.792684
B71example0.fast5	ba27116c-4207-40ab-814b-1d3b7d058123	6c174770bb18c3fe1359860d3aeb87b3e8fc498a	0	436	2	65251.254000	159.595250	127676	TRUE	65251.289000	127648	159.560250	53511	13.833650	2.936638	77.023911	9.847805	77.023911	9.847805
B71example0.fast5	bcd64874-14e2-4833-b502-de0a2f933313	6c174770bb18c3fe1359860d3aeb87b3e8fc498a	0	477	1	1975.214250	7.489000	5991	TRUE	1975.268000	5948	7.435250	2773	15.314217	3.090721	77.199760	9.496099	77.199760	9.496099
B71example0.fast5	bd5a7c8a-c71b-4dee-93f8-65a07a1a5968	6c174770bb18c3fe1359860d3aeb87b3e8fc498a	0	99	2	7716.173750	33.860500	27088	TRUE	7716.362500	26937	33.671750	15018	13.313010	3.238321	77.551468	10.023659	77.551468	10.023659
B71example1.fast5	001d7213-ea22-432b-86ea-ef7f1585e237	6c174770bb18c3fe1359860d3aeb87b3e8fc498a	0	410	4	7249.057250	134.610750	107688	TRUE	7249.102250	107652	134.565750	50466	14.884671	3.089108	76.496346	10.023659	76.496346	10.023659
B71example0.fast5	f59a2b09-89d3-41fb-9416-ae52f65d353a	6c174770bb18c3fe1359860d3aeb87b3e8fc498a	0	82	3	115559.154750	114.778750	91823	TRUE	115559.184750	91799	114.748750	33841	11.954393	2.797791	69.110489	8.792684	69.110489	8.792684
B71example1.fast5	f3cdbaca-cd0e-4ba0-9932-31411c863b9e	6c174770bb18c3fe1359860d3aeb87b3e8fc498a	0	299	4	60465.504750	103.429750	82743	TRUE	60465.533500	82720	103.401000	35718	13.442335	2.993531	76.672203	9.671952	76.672203	9.671952
B71example1.fast5	038007c7-84f2-4d68-8386-47fbf46f04cb	6c174770bb18c3fe1359860d3aeb87b3e8fc498a	0	199	1	29942.939250	85.702250	68561	TRUE	29943.053000	68470	85.588500	31864	10.354279	2.986149	76.320496	9.496099	76.320496	9.496099
B71example1.fast5	f71d60c5-1b30-400e-9a32-3da812f545b9	6c174770bb18c3fe1359860d3aeb87b3e8fc498a	0	76	1	66065.277750	72.496750	57997	TRUE	66065.314000	57968	72.460500	26423	12.724395	3.020290	84.937325	10.199512	84.937325	10.199512
B71example0.fast5	f66616ef-9a93-4c0d-a90a-9104ca6be548	6c174770bb18c3fe1359860d3aeb87b3e8fc498a	0	446	2	44070.994750	105.259500	84207	TRUE	44071.091000	84130	105.163250	36720	14.933491	3.027939	80.892685	10.199512	80.892685	10.199512
B71example0.fast5	bffaff5e-bc60-419e-ae4f-1eadfd9b3c5a	6c174770bb18c3fe1359860d3aeb87b3e8fc498a	0	115	1	152851.995750	119.235250	95388	TRUE	152852.127000	95283	119.104000	37458	12.589509	2.879270	76.496346	9.671952	76.496346	9.671952
B71example0.fast5	d35a495d-2704-4149-b307-2ff1fea6bf33	6c174770bb18c3fe1359860d3aeb87b3e8fc498a	0	357	3	62106.095500	19.408500	15526	TRUE	62106.219250	15427	19.284750	8411	13.793028	3.206269	83.002930	10.199512	83.002930	10.199512
B71example1.fast5	f851233a-6569-4de9-bcdb-4bfcb2597a67	6c174770bb18c3fe1359860d3aeb87b3e8fc498a	0	149	4	5905.198750	68.805000	55044	TRUE	5905.198750	55044	68.805000	27479	12.830058	3.140450	77.375618	9.847805	77.375618	9.847805
B71example1.fast5	12e8c5f9-4eb5-4562-a76f-e884633d28cd	6c174770bb18c3fe1359860d3aeb87b3e8fc498a	0	191	2	75574.784000	107.269750	85815	TRUE	75575.397750	85324	106.656000	34036	15.462926	2.941014	69.813904	8.968537	69.813904	8.968537
B71example0.fast5	d638d77a-33a5-4f91-8412-7c8a0f9a88c3	6c174770bb18c3fe1359860d3aeb87b3e8fc498a	0	198	3	141693.850000	67.690000	54152	TRUE	141693.970000	54056	67.570000	22112	10.776101	2.838776	79.661713	9.847805	79.661713	9.847805
B71example1.fast5	003d0256-e20c-4c17-bf63-9ffb399d2c64	6c174770bb18c3fe1359860d3aeb87b3e8fc498a	0	417	2	63486.760750	100.933000	80746	TRUE	63486.854500	80671	100.839250	34820	12.319316	2.957052	77.903175	10.023659	77.903175	10.023659
B71example1.fast5	00482b2d-f18f-4b75-a05b-d7fcf34e0326	6c174770bb18c3fe1359860d3aeb87b3e8fc498a	0	223	2	79300.749500	4.176750	3341	TRUE	79300.908250	3214	4.018000	1456	13.301266	2.977694	77.023911	9.847805	77.023911	9.847805
B71example1.fast5	fd517bd9-a11c-4f35-bbac-f746978a13ed	6c174770bb18c3fe1359860d3aeb87b3e8fc498a	0	389	4	34565.915500	50.231750	40185	TRUE	34565.943000	40163	50.204250	19683	12.117588	3.043475	76.144638	9.847805	76.144638	9.847805
B71example0.fast5	e25220e7-7863-4b96-ac35-c10839a74501	6c174770bb18c3fe1359860d3aeb87b3e8fc498a	0	181	3	143319.356500	65.322500	52258	TRUE	143319.451500	52182	65.227500	22342	11.685141	2.892878	66.120979	8.440976	66.120979	8.440976
B71example1.fast5	1da57989-ec90-48d2-9fe6-1a3842daa8c4	6c174770bb18c3fe1359860d3aeb87b3e8fc498a	0	13	4	21484.756750	77.151000	61720	TRUE	21484.788000	61695	77.119750	27800	15.405249	3.066497	78.079033	9.496099	78.079033	9.496099
B71example1.fast5	040afcb6-5309-4a7c-a2b8-3759be2c5ebb	6c174770bb18c3fe1359860d3aeb87b3e8fc498a	0	509	3	44382.701750	68.378250	54702	TRUE	44382.870500	54567	68.209500	26824	13.560030	3.094221	79.837563	10.023659	79.837563	10.023659
B71example2.fast5	0075b317-c096-4e58-af7d-b8250b91908a	6c174770bb18c3fe1359860d3aeb87b3e8fc498a	0	110	4	45328.044500	92.096000	73676	TRUE	45328.184500	73564	91.956000	31339	15.992643	3.018238	74.561958	9.671952	74.561958	9.671952
B71example1.fast5	1ea91af5-3f29-4821-a39b-a906ba849419	6c174770bb18c3fe1359860d3aeb87b3e8fc498a	0	466	4	5967.398000	71.122500	56898	TRUE	5967.451750	56855	71.068750	25396	14.545398	3.048923	77.023911	9.847805	77.023911	9.847805
B71example1.fast5	04605447-16ed-4602-a5e5-1da9023fa95a	6c174770bb18c3fe1359860d3aeb87b3e8fc498a	0	360	2	159629.418750	65.325750	52260	TRUE	159629.707500	52029	65.037000	21955	11.485314	2.898288	80.716835	9.847805	80.716835	9.847805
B71example2.fast5	0ea3deec-8209-4f16-87aa-24dc70492a52	6c174770bb18c3fe1359860d3aeb87b3e8fc498a	0	279	4	29261.749500	29.680500	23744	TRUE	29261.792000	23710	29.638000	10386	13.640911	3.010452	77.199760	9.847805	77.199760	9.847805
B71example1.fast5	1f2ed4f0-2c0b-4352-956f-cef476abb8a7	6c174770bb18c3fe1359860d3aeb87b3e8fc498a	0	349	3	37049.682000	13.396750	10717	TRUE	37049.729500	10679	13.349250	4750	13.232157	3.016229	79.485855	9.847805	79.485855	9.847805
B71example1.fast5	050acfba-89b8-49bf-a97c-63874291d044	6c174770bb18c3fe1359860d3aeb87b3e8fc498a	0	184	2	96147.589750	24.989750	19991	TRUE	96147.687250	19913	24.892250	9234	11.850863	2.978804	83.706345	9.144391	83.706345	9.144391
B71example0.fast5	e4a4848d-068a-4044-8971-1f96c17991d5	6c174770bb18c3fe1359860d3aeb87b3e8fc498a	0	381	4	14064.658500	124.385000	99508	TRUE	14064.712250	99465	124.331250	44839	14.654886	3.051919	74.034393	9.496099	74.034393	9.496099
B71example1.fast5	47a8eada-7e60-4cdf-b1cf-9e44c2226694	6c174770bb18c3fe1359860d3aeb87b3e8fc498a	0	198	3	95301.926750	45.827000	36661	TRUE	95301.963000	36632	45.790750	16689	9.472363	2.870530	82.475372	9.847805	82.475372	9.847805
B71example2.fast5	289722c1-520e-40a5-b723-f9b2e3d78baf	6c174770bb18c3fe1359860d3aeb87b3e8fc498a	0	170	3	138346.740750	67.530250	54024	TRUE	138346.804500	53973	67.466500	20439	16.671818	2.904519	73.858543	10.023659	73.858543	10.023659
B71example1.fast5	08817bfc-edbb-4dda-bede-d6641192b84e	6c174770bb18c3fe1359860d3aeb87b3e8fc498a	0	483	1	15172.987750	77.225500	61780	TRUE	15173.454000	61407	76.759250	28313	14.536041	3.073717	78.430740	9.847805	78.430740	9.847805
B71example2.fast5	386f4611-c5dd-42a8-81db-6a604fd89578	6c174770bb18c3fe1359860d3aeb87b3e8fc498a	0	360	4	74151.177500	82.248250	65798	TRUE	74151.233750	65753	82.192000	26238	16.167948	2.952933	77.199760	9.847805	77.199760	9.847805
B71example0.fast5	f4e48251-e55e-416c-a5d4-995538a013d6	6c174770bb18c3fe1359860d3aeb87b3e8fc498a	0	14	2	16155.602750	129.775000	103820	TRUE	16155.691500	103749	129.686250	44084	16.098064	3.016647	75.968788	9.671952	75.968788	9.671952
B71example1.fast5	5557e7e8-745a-4d2e-b1aa-6607388239dd	6c174770bb18c3fe1359860d3aeb87b3e8fc498a	0	343	1	158388.961000	119.026000	95220	TRUE	158389.013500	95178	118.973500	35241	13.224833	2.841748	84.761467	10.199512	84.761467	10.199512
B71example1.fast5	1223257f-fbac-4a93-8359-51bb8c19e040	6c174770bb18c3fe1359860d3aeb87b3e8fc498a	0	405	2	14237.000750	100.056000	80044	TRUE	14237.187000	79895	99.869750	37485	15.861607	3.111120	75.617081	9.496099	75.617081	9.496099
B71example1.fast5	5809074d-053b-4044-906a-d8ddc0b53b19	6c174770bb18c3fe1359860d3aeb87b3e8fc498a	0	123	3	105475.289000	33.191250	26553	TRUE	105475.496500	26387	32.983750	8800	14.063061	2.750247	67.703659	10.551220	67.703659	10.551220
B71example2.fast5	3abb8ff9-3025-453d-a7c4-3da9e85f4ce5	6c174770bb18c3fe1359860d3aeb87b3e8fc498a	0	157	2	88910.700250	75.119250	60095	TRUE	88910.735250	60067	75.084250	24824	13.922495	2.950069	76.144638	9.671952	76.144638	9.671952
B71example0.fast5	fb1fdc96-aafa-4aa4-a5da-c7a199e49dd0	6c174770bb18c3fe1359860d3aeb87b3e8fc498a	0	130	2	71701.647000	90.089000	72071	TRUE	71701.647000	72071	90.089000	28847	15.646119	2.943740	79.661713	10.023659	79.661713	10.023659
B71example2.fast5	3d109b34-958c-4c1a-83bc-20c40a1c9110	6c174770bb18c3fe1359860d3aeb87b3e8fc498a	0	319	1	50570.391000	43.248000	34598	TRUE	50570.414750	34579	43.224250	14714	16.196985	3.013442	77.199760	10.023659	77.199760	10.023659
B71example1.fast5	5f9b1fe5-fc88-4936-88c0-45c9cbef6f10	6c174770bb18c3fe1359860d3aeb87b3e8fc498a	0	159	4	2271.927000	114.548750	91639	TRUE	2272.265750	91368	114.210000	41567	14.062317	3.055312	75.792931	9.671952	75.792931	9.671952
B71example2.fast5	3fb3dfc7-0fc6-4b1a-af42-fe61bd0f7997	6c174770bb18c3fe1359860d3aeb87b3e8fc498a	0	416	3	34269.302000	83.204000	66563	TRUE	34269.369500	66509	83.136500	29720	13.795339	3.030846	76.672203	10.023659	76.672203	10.023659
B71example1.fast5	186c26b1-a0d7-4c9a-a293-46c6d5886ea9	6c174770bb18c3fe1359860d3aeb87b3e8fc498a	0	397	2	127299.599250	148.652500	118922	FALSE	127299.628000	118899	148.623750	49815	7.902889	2.763433	74.561958	8.968537	74.561958	8.968537
B71example0.fast5	fed065d3-0f52-46fa-a759-580661df2435	6c174770bb18c3fe1359860d3aeb87b3e8fc498a	0	436	4	68810.272000	113.822500	91058	TRUE	68810.463250	90905	113.631250	34779	15.755700	2.907753	78.079033	10.023659	78.079033	10.023659
B71example1.fast5	3464c0ed-9df7-4b9d-adc9-e3662f85e10c	6c174770bb18c3fe1359860d3aeb87b3e8fc498a	0	33	3	86014.322250	76.249000	60999	TRUE	86014.424750	60917	76.146500	23967	15.498323	2.935581	80.189270	10.023659	80.189270	10.023659
B71example2.fast5	477caf16-491d-4064-bcc3-22721cfb7fc9	6c174770bb18c3fe1359860d3aeb87b3e8fc498a	0	237	2	64088.609500	102.505500	82004	TRUE	64088.760750	81883	102.354250	29805	13.521338	2.822985	74.561958	9.496099	74.561958	9.496099
B71example2.fast5	48158a29-a10d-4de1-b83d-564f7612861f	6c174770bb18c3fe1359860d3aeb87b3e8fc498a	0	444	4	148324.951500	8.947500	7158	TRUE	148324.975250	7139	8.923750	3124	12.314739	2.931482	83.354637	10.199512	83.354637	10.199512
B71example1.fast5	7894e557-3a92-435e-be40-62484bafa12e	6c174770bb18c3fe1359860d3aeb87b3e8fc498a	0	13	1	19077.992750	134.189000	107351	TRUE	19078.319000	107090	133.862750	49586	13.080439	3.053360	74.737808	9.671952	74.737808	9.671952
B71example1.fast5	092b60f1-f9db-45e3-b21b-a3d17755840b	6c174770bb18c3fe1359860d3aeb87b3e8fc498a	0	97	4	21080.811000	78.140000	62512	TRUE	21080.981000	62376	77.970000	28663	11.950298	2.999432	76.320496	9.671952	76.320496	9.671952
B71example1.fast5	adb39cb5-28d5-4d0a-88ac-c14bf5861dad	6c174770bb18c3fe1359860d3aeb87b3e8fc498a	0	366	1	81331.711250	106.130500	84904	TRUE	81331.808750	84826	106.033000	35171	12.899764	2.924356	69.286346	8.968537	69.286346	8.968537
B71example2.fast5	4c201993-65e7-4326-b691-3bb7f5d7d33b	6c174770bb18c3fe1359860d3aeb87b3e8fc498a	0	308	2	104068.161750	106.998000	85598	FALSE	104068.161750	85598	106.998000	28852	7.871980	2.626763	68.934639	9.496099	68.934639	9.496099
B71example1.fast5	7a59f859-6147-4501-9b23-e163aa2f7194	6c174770bb18c3fe1359860d3aeb87b3e8fc498a	0	493	2	56747.759000	112.137000	89709	TRUE	56747.845250	89640	112.050750	39636	14.602887	3.018295	83.354637	10.727074	83.354637	10.727074
B71example2.fast5	4eb3a571-d9bc-4d7a-8f61-5dc2d211e3ce	6c174770bb18c3fe1359860d3aeb87b3e8fc498a	0	476	4	89373.957000	46.229000	36983	TRUE	89373.982000	36963	46.204000	15639	15.009593	2.988162	78.430740	9.671952	78.430740	9.671952
B71example1.fast5	7efb76cc-6c9d-4690-b2d1-9242f5124304	6c174770bb18c3fe1359860d3aeb87b3e8fc498a	0	300	2	94153.909500	39.386500	31509	TRUE	94153.912000	31507	39.384000	12971	12.339870	2.915807	87.750984	10.551220	87.750984	10.551220
B71example1.fast5	7f6f5fc9-c45d-4117-a11e-5e435f166520	6c174770bb18c3fe1359860d3aeb87b3e8fc498a	0	448	1	38602.509500	6.236000	4988	TRUE	38602.552000	4954	6.193500	2279	16.056904	3.072909	76.496346	9.671952	76.496346	9.671952
B71example1.fast5	11040ba2-d5ef-4562-be26-9f79253e5455	6c174770bb18c3fe1359860d3aeb87b3e8fc498a	0	407	4	6406.140500	157.396250	125917	TRUE	6406.230500	125845	157.306250	56386	15.575294	3.067112	77.199760	10.023659	77.199760	10.023659
B71example1.fast5	ae5737c2-5587-4154-bdf1-fc721f1066ea	6c174770bb18c3fe1359860d3aeb87b3e8fc498a	0	404	2	67877.468750	100.129500	80103	TRUE	67877.656250	79953	99.942000	31659	14.360773	2.924751	79.661713	10.199512	79.661713	10.199512
B71example1.fast5	b099e350-1cbd-467f-aaf9-167999988374	6c174770bb18c3fe1359860d3aeb87b3e8fc498a	0	362	3	119514.253750	17.138500	13710	TRUE	119514.310000	13665	17.082250	4915	10.592940	2.764156	95.312691	9.671952	95.312691	9.671952
B71example1.fast5	129263ba-2c6d-4a73-9c27-d20e1661500b	6c174770bb18c3fe1359860d3aeb87b3e8fc498a	0	157	1	24767.950000	48.125250	38500	FALSE	24768.153750	38337	47.921500	21046	7.731808	3.046687	75.441223	9.496099	75.441223	9.496099
B71example1.fast5	800a28e5-a932-4d9c-be04-1af9e7fa8895	6c174770bb18c3fe1359860d3aeb87b3e8fc498a	0	41	3	71975.199500	60.307000	48245	TRUE	71975.325750	48144	60.180750	20211	15.893646	2.987643	77.903175	9.847805	77.903175	9.847805
B71example2.fast5	55e45dd1-0514-4616-8619-3b8afdcf0beb	6c174770bb18c3fe1359860d3aeb87b3e8fc498a	0	24	1	1445.001000	100.638000	80510	TRUE	1445.274750	80291	100.364250	38154	14.175350	3.102181	78.430740	10.023659	78.430740	10.023659
B71example1.fast5	b18cf66d-8452-4532-ad21-136f6895cd30	6c174770bb18c3fe1359860d3aeb87b3e8fc498a	0	198	2	55343.371000	57.946250	46357	TRUE	55343.414750	46322	57.902500	19832	14.204022	2.995171	79.837563	10.023659	79.837563	10.023659
B71example1.fast5	130b402f-2f4b-4b58-954b-a2857775949e	6c174770bb18c3fe1359860d3aeb87b3e8fc498a	0	224	1	76192.054750	73.049500	58439	TRUE	76192.099750	58403	73.004500	23213	13.148647	2.904269	78.958298	9.847805	78.958298	9.847805
B71example1.fast5	172e7b0e-4b95-4e19-9ee4-da2019d47645	6c174770bb18c3fe1359860d3aeb87b3e8fc498a	0	441	2	21946.576000	7.848000	6278	FALSE	21946.721000	6162	7.703000	2890	8.622053	2.919283	75.968788	9.496099	75.968788	9.496099
B71example2.fast5	5f92ffed-db63-40e9-8791-fa7ef7631a3f	6c174770bb18c3fe1359860d3aeb87b3e8fc498a	0	166	4	71205.074750	76.371750	61097	TRUE	71205.164750	61025	76.281750	29428	11.999187	3.039881	72.451714	9.144391	72.451714	9.144391
B71example1.fast5	86707e46-e629-4f97-8d16-626ad0dfe352	6c174770bb18c3fe1359860d3aeb87b3e8fc498a	0	217	4	162288.991000	130.820000	104656	TRUE	162289.008500	104642	130.802500	39661	14.568033	2.884802	86.871712	10.551220	86.871712	10.551220
B71example1.fast5	b2a76ccb-b129-4ee4-8d86-31f683d2cd78	6c174770bb18c3fe1359860d3aeb87b3e8fc498a	0	323	1	46194.822250	115.518250	92414	TRUE	46194.858500	92385	115.482000	45282	12.135345	3.055222	72.275856	9.320245	72.275856	9.320245
B71example2.fast5	619d5750-b672-4269-8995-f6af2579d6e5	6c174770bb18c3fe1359860d3aeb87b3e8fc498a	0	7	3	71389.120750	63.818000	51054	TRUE	71389.144500	51035	63.794250	22532	14.416329	3.017878	76.144638	9.671952	76.144638	9.671952
B71example1.fast5	19261fb4-7bab-498d-89b8-f5381a3cdaa2	6c174770bb18c3fe1359860d3aeb87b3e8fc498a	0	452	1	19836.282500	133.047500	106438	TRUE	19836.447500	106306	132.882500	50073	14.939442	3.099662	76.144638	10.023659	76.144638	10.023659
B71example2.fast5	621c143f-5b1a-4a8d-920f-b812ba5e153e	6c174770bb18c3fe1359860d3aeb87b3e8fc498a	0	354	1	81475.047750	58.680000	46944	FALSE	81475.301500	46741	58.426250	19490	8.939330	2.789414	62.252197	8.265122	62.252197	8.265122
B71example2.fast5	62ce28bd-ed03-4d15-864a-60be7423538f	6c174770bb18c3fe1359860d3aeb87b3e8fc498a	0	318	2	26806.580750	20.026750	16021	TRUE	26806.595750	16009	20.011750	7712	15.810954	3.134707	81.596100	9.847805	81.596100	9.847805
B71example1.fast5	bb1d522e-86b9-4121-bfe9-47373a7373dd	6c174770bb18c3fe1359860d3aeb87b3e8fc498a	0	416	2	17629.796250	78.584500	62867	TRUE	17629.812500	62854	78.568250	27628	16.298779	3.052213	76.496346	9.847805	76.496346	9.847805
B71example1.fast5	8fec2825-191a-4a83-b955-9a5563c4d128	6c174770bb18c3fe1359860d3aeb87b3e8fc498a	0	247	3	75550.402000	136.610500	109288	TRUE	75550.552000	109168	136.460500	44984	15.664824	2.973361	70.341469	9.144391	70.341469	9.144391
B71example1.fast5	90f85b2b-c824-4fb5-a0fe-396b484f69bf	6c174770bb18c3fe1359860d3aeb87b3e8fc498a	0	491	4	71274.701000	9.729500	7783	TRUE	71274.809750	7696	9.620750	2469	10.558970	2.682702	72.100006	11.078781	72.100006	11.078781
B71example2.fast5	7136bf9b-d021-4e75-922e-fb51b87e668d	6c174770bb18c3fe1359860d3aeb87b3e8fc498a	0	475	3	27164.688750	51.118500	40894	TRUE	27164.962500	40675	50.844750	19963	10.356223	3.012969	77.727325	8.968537	77.727325	8.968537
B71example1.fast5	ec7494b8-aa70-4ac6-b3e5-a658a38165e9	6c174770bb18c3fe1359860d3aeb87b3e8fc498a	0	365	3	58415.391250	57.400750	45920	TRUE	58415.453750	45870	57.338250	20485	15.013184	3.032724	76.672203	9.847805	76.672203	9.847805
B71example1.fast5	1a349a82-0e5d-4e49-b46f-dff201bfbc4b	6c174770bb18c3fe1359860d3aeb87b3e8fc498a	0	479	2	69099.199500	102.166500	81733	TRUE	69099.268250	81678	102.097750	35614	11.218605	2.921363	68.407074	8.792684	68.407074	8.792684
B71example1.fast5	ecf4b4c3-ca3f-4380-9b8c-6a55f5028783	6c174770bb18c3fe1359860d3aeb87b3e8fc498a	0	318	2	26828.082750	40.815250	32652	TRUE	26828.114000	32627	40.784000	13856	15.719464	3.017004	80.189270	10.199512	80.189270	10.199512
B71example2.fast5	746e1d22-8ba8-48c6-838f-4b1bf83833e5	6c174770bb18c3fe1359860d3aeb87b3e8fc498a	0	221	3	97097.903250	84.143000	67314	TRUE	97097.953250	67274	84.093000	29971	12.739084	2.986485	81.947807	10.023659	81.947807	10.023659
B71example1.fast5	fd3c1f47-3421-44eb-9180-7f3ba5a5ce6d	6c174770bb18c3fe1359860d3aeb87b3e8fc498a	0	461	2	13054.024250	47.052000	37641	TRUE	13054.156750	37535	46.919500	17674	14.899483	3.104388	76.320496	9.496099	76.320496	9.496099
B71example2.fast5	79f0f352-866f-413e-874b-4e1c9482708a	6c174770bb18c3fe1359860d3aeb87b3e8fc498a	0	495	1	43871.562750	9.790250	7832	TRUE	43871.875250	7582	9.477750	3238	15.580898	3.006083	78.606590	10.375366	78.606590	10.375366
B71example1.fast5	9db7c56b-eebf-434a-a0e9-c680c6afff65	6c174770bb18c3fe1359860d3aeb87b3e8fc498a	0	444	4	154182.108000	135.963750	108771	TRUE	154182.154250	108734	135.917500	43061	14.822717	2.930803	83.354637	10.375366	83.354637	10.375366
B71example2.fast5	050467c9-0254-4aef-b0f5-2f808a78d7e0	6c174770bb18c3fe1359860d3aeb87b3e8fc498a	0	340	4	53324.019750	52.264000	41811	TRUE	53324.094750	41751	52.189000	17828	14.793184	2.999459	80.365128	10.023659	80.365128	10.023659
B71example1.fast5	1aaba9bd-c7ab-4d16-8e98-47dcc695be4a	6c174770bb18c3fe1359860d3aeb87b3e8fc498a	0	362	4	46073.145000	123.499750	98799	TRUE	46073.181250	98770	123.463500	47162	12.010009	3.056372	83.178787	10.199512	83.178787	10.199512
B71example2.fast5	8ebc89a6-cfdc-40e8-a66b-4a7da6b852a4	6c174770bb18c3fe1359860d3aeb87b3e8fc498a	0	108	2	63770.007750	103.944250	83155	TRUE	63770.122750	83063	103.829250	33937	15.083672	2.964647	77.199760	9.847805	77.199760	9.847805
B71example1.fast5	9e1b0151-9723-4f06-a369-cf8a4441e3b1	6c174770bb18c3fe1359860d3aeb87b3e8fc498a	0	230	2	44352.977750	88.057750	70446	TRUE	44353.095250	70352	87.940250	31885	15.172201	3.061835	78.254883	9.847805	78.254883	9.847805
B71example2.fast5	913f36f8-2f2f-4f28-8948-5aec4fa04ce4	6c174770bb18c3fe1359860d3aeb87b3e8fc498a	0	125	1	75269.010250	27.544500	22035	TRUE	75269.190250	21891	27.364500	8736	12.809260	2.887019	78.079033	9.847805	78.079033	9.847805
B71example1.fast5	9ebb6d24-6b8e-4832-bb1d-7ffcc940276d	6c174770bb18c3fe1359860d3aeb87b3e8fc498a	0	507	4	91644.111750	26.010250	20808	TRUE	91644.240500	20705	25.881500	8131	13.245428	2.913508	84.761467	10.199512	84.761467	10.199512
B71example2.fast5	94af5934-56e6-4fd2-8fe0-847411ed4844	6c174770bb18c3fe1359860d3aeb87b3e8fc498a	0	300	2	94121.007250	31.758250	25406	TRUE	94121.054750	25368	31.710750	10281	13.655462	2.932593	87.926834	10.551220	87.926834	10.551220
B71example2.fast5	08c1b1a4-dee7-4582-8644-12d021ff3d9f	6c174770bb18c3fe1359860d3aeb87b3e8fc498a	0	388	3	172213.609000	129.675250	103740	TRUE	172213.830250	103563	129.454000	38824	15.349360	2.883641	84.058052	10.375366	84.058052	10.375366
B71example1.fast5	1d7922b5-290a-477e-84d8-50fd14ade459	6c174770bb18c3fe1359860d3aeb87b3e8fc498a	0	52	2	95957.253000	134.437750	107550	TRUE	95957.253000	107550	134.437750	42572	13.652599	2.914783	77.375618	9.847805	77.375618	9.847805
B71example2.fast5	9531ae87-36d1-4b38-bc1f-a117324d63ad	6c174770bb18c3fe1359860d3aeb87b3e8fc498a	0	165	4	72218.157250	72.202000	57761	TRUE	72218.233500	57700	72.125750	24344	11.758153	2.914468	77.727325	9.671952	77.727325	9.671952
B71example1.fast5	9f1ed561-34b8-4fe1-bc67-13b6f7b8b82c	6c174770bb18c3fe1359860d3aeb87b3e8fc498a	0	356	3	75586.416500	81.962250	65569	TRUE	75586.581500	65437	81.797250	26535	15.782684	2.960981	78.079033	10.023659	78.079033	10.023659
B71example1.fast5	2690031d-9d9a-4913-812b-33290a3c3e36	6c174770bb18c3fe1359860d3aeb87b3e8fc498a	0	99	1	36966.752500	76.184000	60947	TRUE	36966.995000	60753	75.941500	24994	15.942833	2.984914	78.958298	10.199512	78.958298	10.199512
B71example2.fast5	979dedae-249f-4f8a-a204-6a002663fedc	6c174770bb18c3fe1359860d3aeb87b3e8fc498a	0	19	2	48566.390250	54.677750	43742	TRUE	48566.604000	43571	54.464000	18682	13.102334	2.993883	78.958298	10.023659	78.958298	10.023659
B71example1.fast5	aa6b92c0-d416-4207-9bd4-08ef75d12cab	6c174770bb18c3fe1359860d3aeb87b3e8fc498a	0	316	3	186972.717750	80.042750	64034	TRUE	186972.772750	63990	79.987750	26449	10.693331	2.879288	94.257568	11.254635	94.257568	11.254635
B71example1.fast5	31814433-7f70-4d55-9495-e12e02126485	6c174770bb18c3fe1359860d3aeb87b3e8fc498a	0	64	2	24739.785750	69.817500	55854	TRUE	24739.804500	55839	69.798750	26795	12.534414	3.047100	78.254883	10.023659	78.254883	10.023659
B71example2.fast5	9ae3cdc5-57be-419b-899f-e37f38ccfa0f	6c174770bb18c3fe1359860d3aeb87b3e8fc498a	0	244	1	36148.482750	83.324750	66659	TRUE	36148.964000	66274	82.843500	34885	9.442728	3.062318	75.089516	9.496099	75.089516	9.496099
B71example1.fast5	33c82af6-160c-4514-b941-20ec8b8d589b	6c174770bb18c3fe1359860d3aeb87b3e8fc498a	0	304	1	16438.757250	9.434750	7547	TRUE	16438.806000	7508	9.386000	3463	15.345763	3.071199	75.265373	10.023659	75.265373	10.023659
B71example2.fast5	0e08926b-b3df-4bfc-9071-57c6bbf0a629	6c174770bb18c3fe1359860d3aeb87b3e8fc498a	0	167	1	12698.245000	197.279250	157823	TRUE	12698.245000	157823	197.279250	74028	11.822284	3.077427	77.199760	9.847805	77.199760	9.847805
B71example1.fast5	c9822071-5474-4f34-b26e-82784b5c0ce3	6c174770bb18c3fe1359860d3aeb87b3e8fc498a	0	72	4	88238.687750	60.443750	48355	TRUE	88238.720250	48329	60.411250	19621	14.761415	2.949599	83.530495	10.199512	83.530495	10.199512
B71example2.fast5	9d53be12-2316-43e8-9fff-52bf4d30132f	6c174770bb18c3fe1359860d3aeb87b3e8fc498a	0	247	3	125682.748750	23.819000	19055	FALSE	125683.202500	18692	23.365250	7121	7.443998	2.675391	50.997562	6.682439	50.997562	6.682439
B71example2.fast5	0f529c15-d578-4e45-8c41-c3aa52aba9c6	6c174770bb18c3fe1359860d3aeb87b3e8fc498a	0	291	4	61277.368000	64.062000	51249	TRUE	61277.640500	51031	63.789500	21433	16.802431	3.019754	76.496346	9.671952	76.496346	9.671952
B71example1.fast5	cc3b7cb7-5033-46ba-83e8-c1493dab60d3	6c174770bb18c3fe1359860d3aeb87b3e8fc498a	0	25	3	67538.142250	72.726500	58181	TRUE	67538.391000	57982	72.477750	23868	11.933456	2.888700	57.504150	7.913415	57.504150	7.913415
B71example1.fast5	34094bc7-00f8-4be7-8e0b-df09e96d50b8	6c174770bb18c3fe1359860d3aeb87b3e8fc498a	0	110	4	69933.278750	106.006750	84805	TRUE	69933.395000	84712	105.890500	39766	12.677107	2.992995	69.110489	8.968537	69.110489	8.968537
B71example2.fast5	b3f4b3ca-9c58-4cee-80cd-4bc8c360b8a3	6c174770bb18c3fe1359860d3aeb87b3e8fc498a	0	264	2	146305.976000	81.447000	65157	TRUE	146306.037250	65108	81.385750	26194	10.019681	2.821540	62.428051	8.089269	62.428051	8.089269
B71example2.fast5	b51f0928-aada-4cdd-bf52-7b1eb6244f3d	6c174770bb18c3fe1359860d3aeb87b3e8fc498a	0	433	1	126120.664500	7.004000	5603	FALSE	126120.772000	5517	6.896500	1866	8.041351	2.591279	66.472687	7.913415	66.472687	7.913415
B71example2.fast5	1329234d-3df5-4195-9ef7-9bc8e28dede6	6c174770bb18c3fe1359860d3aeb87b3e8fc498a	0	13	4	26473.389500	45.420750	36336	TRUE	26473.402000	36326	45.408250	16354	14.732598	3.050294	76.848053	9.496099	76.848053	9.496099
B71example1.fast5	cf03a3d3-e35a-4a3c-b678-d59b860c2ea2	6c174770bb18c3fe1359860d3aeb87b3e8fc498a	0	179	1	68493.043750	55.460750	44368	TRUE	68493.113750	44312	55.390750	12705	14.399105	2.671122	79.310005	10.023659	79.310005	10.023659
B71example2.fast5	1a551e76-fbad-4549-8682-cf0c9f48b7d6	6c174770bb18c3fe1359860d3aeb87b3e8fc498a	0	176	4	38469.989500	52.349000	41879	TRUE	38470.023250	41852	52.315250	19872	13.947230	3.081611	77.727325	9.847805	77.727325	9.847805
B71example1.fast5	36bcd48e-33bb-461c-ad4f-d453e17aebff	6c174770bb18c3fe1359860d3aeb87b3e8fc498a	0	121	3	10137.981750	94.937750	75950	TRUE	10138.126750	75834	94.792750	35600	14.505576	3.090432	78.606590	9.671952	78.606590	9.671952
B71example2.fast5	c03a945b-5330-40db-998b-398b97728387	6c174770bb18c3fe1359860d3aeb87b3e8fc498a	0	143	4	62920.223500	97.069500	77655	TRUE	62920.279750	77610	97.013250	32009	16.317083	2.985735	74.210251	9.671952	74.210251	9.671952
B71example1.fast5	d3c23a11-4826-48fe-a5fc-2a309811573d	6c174770bb18c3fe1359860d3aeb87b3e8fc498a	0	8	3	27632.837750	65.279750	52223	TRUE	27632.965250	52121	65.152250	22960	15.395591	3.041045	75.617081	9.671952	75.617081	9.671952
B71example1.fast5	391d7930-7472-4d7f-aa98-9cd09d5ca773	6c174770bb18c3fe1359860d3aeb87b3e8fc498a	0	100	3	79099.916000	51.481250	41185	TRUE	79099.919750	41182	51.477500	18427	13.412971	3.015816	81.420250	10.902927	81.420250	10.902927
B71example1.fast5	d6dc45e8-e319-4948-ab34-b23dd28cc929	6c174770bb18c3fe1359860d3aeb87b3e8fc498a	0	253	2	65637.477500	69.264500	55411	TRUE	65637.571250	55336	69.170750	27546	9.444831	2.985727	78.958298	9.496099	78.958298	9.496099
B71example2.fast5	c9355fb1-d793-4220-9e59-5e4a92a4ebc4	6c174770bb18c3fe1359860d3aeb87b3e8fc498a	0	190	4	6575.924250	60.502750	48402	TRUE	6576.018000	48327	60.409000	19260	15.820493	2.960469	77.551468	10.023659	77.551468	10.023659
B71example1.fast5	3b9372a6-0afe-4fe8-b071-a2f1f75d3481	6c174770bb18c3fe1359860d3aeb87b3e8fc498a	0	262	2	14897.396000	52.630250	42104	TRUE	14897.599750	41941	52.426500	19631	12.720932	3.055495	76.144638	10.023659	76.144638	10.023659
B71example1.fast5	3bfc3787-2fa3-48cf-b6e8-b97e085c4578	6c174770bb18c3fe1359860d3aeb87b3e8fc498a	0	229	4	85629.497500	15.999250	12799	TRUE	85629.558750	12750	15.938000	5442	13.576076	2.931170	73.506836	9.496099	73.506836	9.496099
B71example2.fast5	cab710c2-6c2f-476d-9028-33666e59e657	6c174770bb18c3fe1359860d3aeb87b3e8fc498a	0	270	2	31928.971000	38.769250	31015	TRUE	31929.629750	30488	38.110500	13833	16.139652	3.070649	73.858543	9.847805	73.858543	9.847805
B71example2.fast5	cc6e0f04-27c8-4bfb-9316-2a0802f605ea	6c174770bb18c3fe1359860d3aeb87b3e8fc498a	0	239	3	59316.778250	8.420750	6736	TRUE	59316.817000	6705	8.382000	3010	12.835674	3.020441	78.958298	9.320245	78.958298	9.320245
B71example2.fast5	1b35e5c1-e95a-43dc-a6e8-e0866173ed1b	6c174770bb18c3fe1359860d3aeb87b3e8fc498a	0	17	1	29827.813000	154.044750	123235	TRUE	29827.873000	123187	153.984750	55459	13.071796	3.027179	82.123665	10.199512	82.123665	10.199512
B71example1.fast5	d9a67da9-f92d-4f3e-8f1b-59b73f194d0d	6c174770bb18c3fe1359860d3aeb87b3e8fc498a	0	181	4	60712.529250	85.673500	68538	TRUE	60712.810500	68313	85.392250	28891	14.605879	2.989922	74.561958	9.671952	74.561958	9.671952
B71example1.fast5	3c4ba64d-be37-4fd6-afee-f29b94ea6826	6c174770bb18c3fe1359860d3aeb87b3e8fc498a	0	470	1	79609.122000	58.473750	46779	TRUE	79609.197000	46719	58.398750	20193	10.225222	2.894035	75.441223	9.671952	75.441223	9.671952
B71example2.fast5	d4e16f29-c7b5-4a87-a9ae-84b376da9434	6c174770bb18c3fe1359860d3aeb87b3e8fc498a	0	223	2	46576.987000	63.187000	50549	TRUE	46577.273250	50320	62.900750	21639	16.310465	3.035143	77.727325	10.199512	77.727325	10.199512
B71example2.fast5	2116c10c-83f8-47ef-99a0-8276b329fff1	6c174770bb18c3fe1359860d3aeb87b3e8fc498a	0	168	2	424.803500	70.365500	56292	TRUE	424.933500	56188	70.235500	27842	14.351885	3.150117	80.189270	10.023659	80.189270	10.023659
B71example1.fast5	d9b88d73-6a72-4a23-90a5-7d07f22f1b70	6c174770bb18c3fe1359860d3aeb87b3e8fc498a	0	41	3	14602.007000	63.352500	50682	TRUE	14602.089500	50616	63.270000	27435	12.263466	3.129661	76.848053	9.496099	76.848053	9.496099
B71example1.fast5	e338c7c4-908d-40dd-9750-4435a9a1bb0b	6c174770bb18c3fe1359860d3aeb87b3e8fc498a	0	126	4	167283.573250	21.064250	16851	TRUE	167283.595750	16833	21.041750	6983	13.888860	2.933835	83.882202	10.199512	83.882202	10.199512
B71example1.fast5	3dac8428-d51d-4c70-9e6b-d86ae3c6dffe	6c174770bb18c3fe1359860d3aeb87b3e8fc498a	0	42	2	64199.205250	91.490750	73192	TRUE	64199.415250	73024	91.280750	31261	13.052247	2.954353	64.890007	8.968537	64.890007	8.968537
B71example2.fast5	d5065e7c-41a7-4746-bc1f-18d86f6e679d	6c174770bb18c3fe1359860d3aeb87b3e8fc498a	0	183	1	33577.193250	95.939250	76751	TRUE	33577.788250	76275	95.344250	33591	16.652239	3.065062	79.310005	10.199512	79.310005	10.199512
B71example2.fast5	30c426c9-2d06-4d1b-8697-c676c3dda746	6c174770bb18c3fe1359860d3aeb87b3e8fc498a	0	374	2	31961.904500	128.446000	102756	TRUE	31961.958250	102713	128.392250	46922	16.360474	3.093444	75.968788	9.847805	75.968788	9.847805
B71example1.fast5	4129a64a-b389-473c-8361-153e32cef8e1	6c174770bb18c3fe1359860d3aeb87b3e8fc498a	0	251	4	40353.944250	65.151500	52121	TRUE	40354.170500	51940	64.925250	23029	15.903526	3.055543	73.330978	9.496099	73.330978	9.496099
B71example2.fast5	3cbd0915-e157-4e47-9682-6180b7c5fae3	6c174770bb18c3fe1359860d3aeb87b3e8fc498a	0	148	4	109516.967000	35.986250	28789	TRUE	109517.000750	28762	35.952500	11228	15.585710	2.919980	83.706345	10.375366	83.706345	10.375366
B71example1.fast5	e0c2fbea-c1ea-40bd-9be8-f53bfc91cde5	6c174770bb18c3fe1359860d3aeb87b3e8fc498a	0	37	2	9877.539250	128.552000	102841	TRUE	9877.590500	102800	128.500750	48099	14.864612	3.090157	73.682686	9.671952	73.682686	9.671952
B71example1.fast5	45865df3-bdb0-4cf6-a8f8-fa6124c266c4	6c174770bb18c3fe1359860d3aeb87b3e8fc498a	0	49	3	112282.291000	89.183500	71346	TRUE	112282.331000	71314	89.143500	33501	14.159425	3.057559	77.727325	10.023659	77.727325	10.023659
B71example2.fast5	e3b2e42b-f1b1-4269-beff-6a78253c04cd	6c174770bb18c3fe1359860d3aeb87b3e8fc498a	0	232	4	38487.963250	144.193750	115355	TRUE	38488.124500	115226	144.032500	48470	15.450316	3.001709	74.561958	9.671952	74.561958	9.671952
B71example1.fast5	f9f3220e-014a-4d79-83da-7720ac7bc3c7	6c174770bb18c3fe1359860d3aeb87b3e8fc498a	0	112	1	35225.766500	57.002250	45601	TRUE	35225.946500	45457	56.822250	20429	15.367267	3.065458	77.199760	9.847805	77.199760	9.847805
B71example2.fast5	3d08f548-dd1e-414b-8e93-d3e985a000e2	6c174770bb18c3fe1359860d3aeb87b3e8fc498a	0	245	2	126756.363750	86.035250	68828	TRUE	126756.572500	68661	85.826500	26902	13.977073	2.893715	78.254883	10.023659	78.254883	10.023659
B71example1.fast5	fa6579f0-37b4-486c-9678-a39b62032e85	6c174770bb18c3fe1359860d3aeb87b3e8fc498a	0	164	2	27650.664250	22.147750	17718	TRUE	27650.703000	17687	22.109000	9211	9.828772	3.058246	77.727325	9.496099	77.727325	9.496099
B71example2.fast5	e766b661-cfce-4d42-a247-89cee7901fed	6c174770bb18c3fe1359860d3aeb87b3e8fc498a	0	360	1	46299.552250	50.943000	40754	TRUE	46299.613500	40705	50.881750	16323	12.779414	2.896587	79.837563	10.023659	79.837563	10.023659
B71example1.fast5	fcd81555-6297-4e39-873c-a1a325712e3f	6c174770bb18c3fe1359860d3aeb87b3e8fc498a	0	260	1	15025.435500	65.739250	52591	TRUE	15025.513000	52529	65.661750	26487	12.397518	3.131755	76.320496	9.671952	76.320496	9.671952
B71example2.fast5	3dc84b40-cbd7-467b-bceb-41a6c3571d88	6c174770bb18c3fe1359860d3aeb87b3e8fc498a	0	192	4	152121.464000	94.707500	75766	TRUE	152121.500250	75737	94.671250	28860	13.927805	2.878740	83.354637	10.023659	83.354637	10.023659
B71example1.fast5	46357d6e-57b5-44a3-a6ff-9d14950a979b	6c174770bb18c3fe1359860d3aeb87b3e8fc498a	0	505	1	43363.764000	106.030000	84824	TRUE	43363.894000	84720	105.900000	38101	14.325982	3.043210	81.244392	10.199512	81.244392	10.199512
B71example2.fast5	f46099b0-a6a1-4163-8760-ba8c8d1249ca	6c174770bb18c3fe1359860d3aeb87b3e8fc498a	0	463	1	70654.262250	84.839000	67871	TRUE	70654.401000	67760	84.700250	23083	14.792292	2.809902	74.210251	9.320245	74.210251	9.320245
B71example2.fast5	3ff89fb1-66d2-43f7-a7ec-c70a37c3bc90	6c174770bb18c3fe1359860d3aeb87b3e8fc498a	0	80	1	17853.074000	46.234250	36987	TRUE	17853.236500	36857	46.071750	14923	14.046180	2.938246	77.375618	10.023659	77.375618	10.023659
B71example2.fast5	41a21b60-c6b8-4bb5-8b69-c42b3330c96c	6c174770bb18c3fe1359860d3aeb87b3e8fc498a	0	111	2	32332.757750	5.934250	4747	TRUE	32332.771500	4736	5.920500	1918	14.154929	2.951715	74.386101	10.199512	74.386101	10.199512
B71example2.fast5	028762f9-73b9-4322-bb6c-ddf296a71d5c	6c174770bb18c3fe1359860d3aeb87b3e8fc498a	0	404	2	39924.055250	94.113000	75290	TRUE	39924.101500	75253	94.066750	31681	15.333957	2.993630	78.254883	9.847805	78.254883	9.847805
B71example1.fast5	4a7417d4-c1bf-4ed6-820e-57d74680f6d6	6c174770bb18c3fe1359860d3aeb87b3e8fc498a	0	169	3	27078.281500	88.649500	70919	TRUE	27078.439000	70793	88.492000	34154	12.187771	3.055823	77.375618	9.847805	77.375618	9.847805
B71example2.fast5	04361a21-4324-471f-bc52-781e12c1902b	6c174770bb18c3fe1359860d3aeb87b3e8fc498a	0	501	3	167308.927000	14.132250	11305	FALSE	167309.085750	11178	13.973500	4373	7.657206	2.695723	72.979271	9.144391	72.979271	9.144391
B71example2.fast5	4af0722b-ef9b-4ec5-aba8-f16898c0a479	6c174770bb18c3fe1359860d3aeb87b3e8fc498a	0	297	2	12221.685250	58.048750	46439	TRUE	12221.761500	46378	57.972500	20327	13.411647	3.003245	79.837563	10.023659	79.837563	10.023659
B71example1.fast5	4ce45ca9-83f6-4a81-8e61-4fbdded00731	6c174770bb18c3fe1359860d3aeb87b3e8fc498a	0	190	4	49771.000000	19.528500	15622	TRUE	49771.095000	15546	19.433500	4930	10.782285	2.634744	72.451714	9.847805	72.451714	9.847805
B71example2.fast5	07bce571-0b74-4b64-9c66-52c759e3f327	6c174770bb18c3fe1359860d3aeb87b3e8fc498a	0	292	1	18065.702750	56.745750	45396	TRUE	18065.717750	45384	56.730750	23573	14.243612	3.184302	78.254883	9.847805	78.254883	9.847805
B71example2.fast5	07e644c0-7b98-4d0b-8055-e5fa6a18ed56	6c174770bb18c3fe1359860d3aeb87b3e8fc498a	0	31	3	16006.825500	35.518250	28414	TRUE	16006.876750	28373	35.467000	14989	10.417014	3.081185	72.627563	9.144391	72.627563	9.144391
B71example2.fast5	57d3c56f-726c-4c5f-a02c-f083d682bcc5	6c174770bb18c3fe1359860d3aeb87b3e8fc498a	0	75	1	59685.858000	129.887500	103910	TRUE	59686.048000	103758	129.697500	42550	14.840705	2.953851	68.582932	9.144391	68.582932	9.144391
B71example1.fast5	4deac4c9-e03f-4141-bd14-4328c632d62b	6c174770bb18c3fe1359860d3aeb87b3e8fc498a	0	388	3	170653.846500	119.439250	95551	TRUE	170653.895250	95512	119.390500	36003	16.061468	2.898674	81.596100	10.199512	81.596100	10.199512
B71example2.fast5	5ccef310-98bb-4aa2-9687-828293a2bab9	6c174770bb18c3fe1359860d3aeb87b3e8fc498a	0	249	1	84079.733500	68.383000	54706	TRUE	84079.762250	54683	68.354250	21881	12.046636	2.882341	71.748299	9.496099	71.748299	9.496099
B71example1.fast5	506f8e0f-4269-43b4-8383-8797a95f8fcb	6c174770bb18c3fe1359860d3aeb87b3e8fc498a	0	378	3	84832.789500	72.568750	58055	TRUE	84832.829500	58023	72.528750	26389	13.157104	3.003853	77.199760	9.671952	77.199760	9.671952
B71example2.fast5	23bbff32-6170-4845-b2e6-48531be20cc9	6c174770bb18c3fe1359860d3aeb87b3e8fc498a	0	184	2	166873.998250	127.442250	101953	TRUE	166874.077000	101890	127.363500	48462	9.387784	2.905782	88.806107	10.199512	88.806107	10.199512
B71example2.fast5	66cb92a2-83bf-474f-b960-615d56a49e16	6c174770bb18c3fe1359860d3aeb87b3e8fc498a	0	117	3	76421.905000	82.799000	66239	TRUE	76422.098750	66084	82.605250	27296	12.731851	2.935122	77.375618	9.847805	77.375618	9.847805
B71example2.fast5	2d1ed120-481c-4301-aaaa-01b1aec2ed00	6c174770bb18c3fe1359860d3aeb87b3e8fc498a	0	221	1	26716.002750	72.789500	58231	TRUE	26716.135250	58125	72.657000	27674	12.513596	3.066117	78.606590	9.671952	78.606590	9.671952
B71example2.fast5	2e795125-ce6e-4f36-a599-0d88f4e10aff	6c174770bb18c3fe1359860d3aeb87b3e8fc498a	0	361	2	41107.155750	62.276250	49821	TRUE	41107.187000	49796	62.245000	19187	12.302875	2.848911	76.320496	9.847805	76.320496	9.847805
B71example2.fast5	68ae5564-02d5-4fba-9250-8aedbaddcf9b	6c174770bb18c3fe1359860d3aeb87b3e8fc498a	0	467	3	165696.754750	96.263000	77010	TRUE	165696.778500	76991	96.239250	28572	14.137421	2.864112	80.189270	10.023659	80.189270	10.023659
B71example2.fast5	6830731c-d263-4a5e-a1ad-ae07ef0ea440	6c174770bb18c3fe1359860d3aeb87b3e8fc498a	0	351	4	90935.772500	55.259750	44207	TRUE	90936.125000	43925	54.907250	16363	12.554434	2.811505	58.559273	8.265122	58.559273	8.265122
B71example2.fast5	688ef985-46de-4625-8e3b-5d3ce42681bc	6c174770bb18c3fe1359860d3aeb87b3e8fc498a	0	390	1	16624.269000	31.547250	25237	TRUE	16624.315250	25200	31.501000	11495	15.235767	3.069675	77.727325	10.023659	77.727325	10.023659
B71example2.fast5	7b4a3921-39db-4de5-8182-ed60d9997723	6c174770bb18c3fe1359860d3aeb87b3e8fc498a	0	1	1	57075.854000	90.229500	72183	TRUE	57075.975250	72086	90.108250	30524	15.027452	2.982091	72.275856	9.320245	72.275856	9.320245
B71example1.fast5	4f5685d0-06f4-4e98-8e53-0bc6889945f7	6c174770bb18c3fe1359860d3aeb87b3e8fc498a	0	496	1	62223.047000	286.584750	229267	TRUE	62223.315750	229052	286.316000	105815	9.182093	2.978803	69.989761	9.320245	69.989761	9.320245
B71example2.fast5	97e55130-94f7-4e84-80d5-21b0c0cb7a5f	6c174770bb18c3fe1359860d3aeb87b3e8fc498a	0	429	2	132365.510000	72.592500	58074	TRUE	132365.586250	58013	72.516250	23982	10.764408	2.877164	83.882202	10.199512	83.882202	10.199512
B71example2.fast5	7d2e54a0-686c-4edd-8e3b-509482f42452	6c174770bb18c3fe1359860d3aeb87b3e8fc498a	0	490	4	19128.235500	117.954750	94363	TRUE	19128.318000	94297	117.872250	42697	12.374583	3.003192	75.089516	9.671952	75.089516	9.671952
B71example2.fast5	9e0e8f5c-036d-462c-9f79-b68bc4f701d4	6c174770bb18c3fe1359860d3aeb87b3e8fc498a	0	486	2	15939.956500	65.634750	52507	TRUE	15940.089000	52401	65.502250	24978	11.848927	3.049361	74.913666	9.671952	74.913666	9.671952
B71example1.fast5	529805ec-4cb5-4882-91c4-c350647a5088	6c174770bb18c3fe1359860d3aeb87b3e8fc498a	0	349	4	109396.013750	96.226500	76981	TRUE	109396.048750	76953	96.191500	28576	16.128254	2.882536	76.144638	9.496099	76.144638	9.496099
B71example2.fast5	9e7a71ac-0bfd-4ce7-bfae-5e0c37d73a99	6c174770bb18c3fe1359860d3aeb87b3e8fc498a	0	363	3	110688.325250	75.759250	60607	TRUE	110688.421500	60530	75.663000	24539	13.877965	2.940338	82.299515	10.199512	82.299515	10.199512
B71example1.fast5	5389958d-d26b-488b-ac88-9c99454aa443	6c174770bb18c3fe1359860d3aeb87b3e8fc498a	0	118	2	59032.699250	65.556000	52444	TRUE	59032.699250	52444	65.556000	24054	10.246386	2.953250	76.320496	9.320245	76.320496	9.320245
B71example2.fast5	9faa7545-c71a-4601-abed-ba502efd3b6f	6c174770bb18c3fe1359860d3aeb87b3e8fc498a	0	364	2	21944.328500	10.095250	8076	TRUE	21944.413500	8008	10.010250	3371	13.565711	2.957195	78.958298	10.199512	78.958298	10.199512
B71example2.fast5	7deeed5b-def0-4f8a-b756-9de30fb79a94	6c174770bb18c3fe1359860d3aeb87b3e8fc498a	0	79	3	40169.034000	102.516500	82013	TRUE	40169.090250	81968	102.460250	37898	14.930992	3.081878	77.023911	9.671952	77.023911	9.671952
B71example2.fast5	7ed13a28-a1fd-4133-9518-3ca36e87794f	6c174770bb18c3fe1359860d3aeb87b3e8fc498a	0	76	2	127033.456750	14.773250	11818	TRUE	127033.534250	11756	14.695750	4963	12.657867	2.921347	78.958298	9.671952	78.958298	9.671952
B71example2.fast5	a4cb52a6-1784-4abd-829a-26b43477666d	6c174770bb18c3fe1359860d3aeb87b3e8fc498a	0	89	2	175829.100500	28.238250	22590	TRUE	175829.156750	22545	28.182000	9345	11.384171	2.885495	97.422935	11.254635	97.422935	11.254635
B71example1.fast5	5930246a-a072-4492-a996-565af17f53c9	6c174770bb18c3fe1359860d3aeb87b3e8fc498a	0	177	4	117809.351250	76.124250	60899	TRUE	117809.481250	60795	75.994250	24847	14.052891	2.945062	83.354637	10.375366	83.354637	10.375366
B71example2.fast5	8078a6a6-6796-47df-9041-ca39510e6c94	6c174770bb18c3fe1359860d3aeb87b3e8fc498a	0	262	4	81897.542750	110.285500	88228	TRUE	81897.542750	88228	110.285500	34556	12.613777	2.878698	79.837563	9.847805	79.837563	9.847805
B71example2.fast5	a5c89a61-a32c-4c1d-9000-a0a5394ae914	6c174770bb18c3fe1359860d3aeb87b3e8fc498a	0	383	1	79340.719750	128.366750	102693	TRUE	79340.934750	102521	128.151750	40925	15.369411	2.945528	77.727325	10.023659	77.727325	10.023659
B71example1.fast5	5c399d16-96ee-435e-868c-db276ce26515	6c174770bb18c3fe1359860d3aeb87b3e8fc498a	0	217	4	160573.911000	118.198750	94559	TRUE	160573.968500	94513	118.141250	37405	15.468328	2.929383	87.575127	10.727074	87.575127	10.727074
B71example2.fast5	a74ff64e-208d-4608-beed-1a28fd24e80d	6c174770bb18c3fe1359860d3aeb87b3e8fc498a	0	260	1	24705.287250	74.688000	59750	TRUE	24705.359750	59692	74.615500	28331	16.043303	3.126303	78.606590	10.023659	78.606590	10.023659
B71example2.fast5	810c0979-874f-46c8-be03-a89d8fe4db84	6c174770bb18c3fe1359860d3aeb87b3e8fc498a	0	198	3	2335.513750	88.190000	70552	TRUE	2335.611250	70474	88.092500	37214	10.110740	3.097950	78.254883	9.671952	78.254883	9.671952
B71example2.fast5	a7d0ab0e-2432-441a-8746-30b450967789	6c174770bb18c3fe1359860d3aeb87b3e8fc498a	0	355	1	73379.225750	72.964000	58371	TRUE	73379.293250	58317	72.896500	24233	15.547322	2.975108	86.168297	10.902927	86.168297	10.902927
B71example1.fast5	6226062c-319b-4eee-94eb-2a9d323b406c	6c174770bb18c3fe1359860d3aeb87b3e8fc498a	0	374	2	15926.027000	134.162250	107329	TRUE	15926.125750	107250	134.063500	49980	16.187571	3.110893	72.979271	9.671952	72.979271	9.671952
B71example1.fast5	65d6f04c-6c21-4eeb-9453-f4ffc06a9416	6c174770bb18c3fe1359860d3aeb87b3e8fc498a	0	371	2	43888.108000	9.961250	7969	TRUE	43888.128000	7953	9.941250	3381	14.090572	3.004132	76.320496	10.375366	76.320496	10.375366
B71example2.fast5	a8961b0e-501e-44e8-9e35-7a7f6296c491	6c174770bb18c3fe1359860d3aeb87b3e8fc498a	0	491	4	107997.700250	64.450000	51560	TRUE	107997.797750	51482	64.352500	19291	13.319430	2.838215	60.141956	8.265122	60.141956	8.265122
B71example1.fast5	704b90f2-c8ef-4825-b3ae-ec1eb6e46536	6c174770bb18c3fe1359860d3aeb87b3e8fc498a	0	479	2	84696.005750	40.678250	32542	TRUE	84696.235750	32358	40.448250	13325	11.137931	2.861663	60.317810	8.089269	60.317810	8.089269
B71example2.fast5	84e05d77-efd6-436d-9bc6-5bbb6d55236e	6c174770bb18c3fe1359860d3aeb87b3e8fc498a	0	199	3	184089.107750	145.085750	116068	FALSE	184090.057750	115308	144.135750	35495	8.059502	2.556505	52.931953	7.034147	52.931953	7.034147
B71example2.fast5	8d0f64f1-e1dd-4248-bcfe-88038158bd4a	6c174770bb18c3fe1359860d3aeb87b3e8fc498a	0	247	3	82333.413750	53.600500	42880	TRUE	82333.546250	42774	53.468000	20064	13.750782	3.029934	66.472687	8.792684	66.472687	8.792684
B71example1.fast5	7224c2e5-5724-47cd-85c8-5ed411f41824	6c174770bb18c3fe1359860d3aeb87b3e8fc498a	0	308	3	15007.745500	72.899000	58319	TRUE	15007.833000	58249	72.811500	25940	14.520966	3.036764	78.430740	10.199512	78.430740	10.199512
B71example2.fast5	a989760e-5780-4284-a098-faa429783583	6c174770bb18c3fe1359860d3aeb87b3e8fc498a	0	354	1	62140.713750	110.743000	88594	TRUE	62140.713750	88594	110.743000	36885	12.145373	2.894020	68.582932	8.968537	68.582932	8.968537
B71example2.fast5	eaf049d5-6f28-45e7-af9e-119031eb895f	6c174770bb18c3fe1359860d3aeb87b3e8fc498a	0	316	4	37131.036000	66.752750	53402	TRUE	37131.212250	53261	66.576500	31494	13.759001	3.285346	75.265373	9.671952	75.265373	9.671952
B71example2.fast5	aed31190-5bab-4cdc-b53e-0a22c1096eeb	6c174770bb18c3fe1359860d3aeb87b3e8fc498a	0	89	4	49082.470000	52.359500	41887	TRUE	49082.528750	41840	52.300750	19595	14.413813	3.080352	81.596100	9.847805	81.596100	9.847805
B71example1.fast5	755138b2-6d64-4323-9bd2-eeaa21b18856	6c174770bb18c3fe1359860d3aeb87b3e8fc498a	0	144	2	52181.067500	106.547750	85238	TRUE	52181.271250	85075	106.344000	36173	14.921638	2.995361	77.375618	9.671952	77.375618	9.671952
B71example2.fast5	f4bb2998-6c9a-491d-afd3-933e25260079	6c174770bb18c3fe1359860d3aeb87b3e8fc498a	0	287	3	179615.938000	75.026500	60021	TRUE	179616.174250	59832	74.790250	22057	12.969363	2.832558	77.903175	9.847805	77.903175	9.847805
B71example2.fast5	aaeeda03-62ef-49d0-b279-dd8380e5cd75	6c174770bb18c3fe1359860d3aeb87b3e8fc498a	0	182	3	69137.212750	104.970750	83976	TRUE	69137.222750	83968	104.960750	34681	14.516397	2.963769	79.837563	9.847805	79.837563	9.847805
B71example1.fast5	79968e00-fd2b-4cf7-afdc-eb9e04b67bc3	6c174770bb18c3fe1359860d3aeb87b3e8fc498a	0	198	2	118744.246000	95.897000	76717	TRUE	118744.294750	76678	95.848250	30443	13.712964	2.915176	82.651222	10.199512	82.651222	10.199512
B71example2.fast5	abc297b8-c733-4827-91a5-9ee60476a50c	6c174770bb18c3fe1359860d3aeb87b3e8fc498a	0	509	3	57186.288000	33.072250	26457	TRUE	57186.389250	26376	32.971000	11273	14.373698	3.005156	77.199760	10.023659	77.199760	10.023659
B71example2.fast5	f681f6a8-8c3f-4293-85c4-fdc88ac25ada	6c174770bb18c3fe1359860d3aeb87b3e8fc498a	0	247	3	72534.438500	93.529750	74823	TRUE	72534.503500	74771	93.464750	30669	16.217634	2.979167	71.044884	9.320245	71.044884	9.320245
B71example2.fast5	b876c73b-ad98-4e1a-94d0-832ab553487f	6c174770bb18c3fe1359860d3aeb87b3e8fc498a	0	28	2	4592.891500	62.858250	50286	TRUE	4593.281500	49974	62.468250	23467	13.371867	3.064837	77.903175	9.847805	77.903175	9.847805
B71example1.fast5	864fd6cd-b522-4453-811c-4aa857dac1b7	6c174770bb18c3fe1359860d3aeb87b3e8fc498a	0	385	3	10863.527250	91.932000	73545	TRUE	10863.641000	73454	91.818250	34546	16.349632	3.113479	75.968788	9.671952	75.968788	9.671952
B71example2.fast5	bc9dad3b-26da-40f6-9fad-6a10d1375e40	6c174770bb18c3fe1359860d3aeb87b3e8fc498a	0	496	1	15099.278250	33.563500	26850	TRUE	15099.380750	26768	33.461000	11671	12.482882	2.966222	69.110489	9.320245	69.110489	9.320245
B71example1.fast5	89a81018-50dc-4763-9253-438c8ded4e80	6c174770bb18c3fe1359860d3aeb87b3e8fc498a	0	441	2	44820.945500	35.064250	28051	TRUE	44821.236750	27818	34.773000	11476	11.389391	2.885664	76.848053	9.320245	76.848053	9.320245
B71example2.fast5	c06d0c43-75d2-49b1-8b62-b20e4a1b19f7	6c174770bb18c3fe1359860d3aeb87b3e8fc498a	0	242	2	49790.385250	19.021250	15217	TRUE	49790.475250	15145	18.931250	6429	15.709380	3.000653	78.254883	9.671952	78.254883	9.671952
B71example2.fast5	c14d55d9-c199-4468-a06d-0a6d855affea	6c174770bb18c3fe1359860d3aeb87b3e8fc498a	0	174	4	109496.508500	72.367750	57894	TRUE	109496.599750	57821	72.276500	23124	14.002396	2.924711	91.443909	10.902927	91.443909	10.902927
B71example2.fast5	c27b236a-5439-424d-941e-8b93be6dc073	6c174770bb18c3fe1359860d3aeb87b3e8fc498a	0	509	3	22008.653000	66.511500	53209	TRUE	22008.761750	53122	66.402750	24309	15.817922	3.098246	79.310005	10.023659	79.310005	10.023659
B71example1.fast5	8dccdbe0-a9fa-4019-9299-8eaffaaed970	6c174770bb18c3fe1359860d3aeb87b3e8fc498a	0	336	1	66927.297000	169.326250	135461	TRUE	66927.509500	135291	169.113750	41751	11.909556	2.698444	69.638054	8.968537	69.638054	8.968537
B71example2.fast5	c3130edc-57f2-4bea-a832-67f2765dffb5	6c174770bb18c3fe1359860d3aeb87b3e8fc498a	0	326	3	32229.609000	62.088250	49670	TRUE	32229.680250	49613	62.017000	22463	16.235289	3.075493	74.737808	9.671952	74.737808	9.671952
B71example1.fast5	916dc0ce-0b11-4a02-aabf-e5515baaa187	6c174770bb18c3fe1359860d3aeb87b3e8fc498a	0	99	3	103947.189250	39.160250	31328	TRUE	103947.303000	31237	39.046500	12488	13.180814	2.910079	76.848053	9.671952	76.848053	9.671952
B71example2.fast5	c4e37cb5-086a-4dd2-b6de-0eba44e7a890	6c174770bb18c3fe1359860d3aeb87b3e8fc498a	0	93	1	80490.803750	61.901250	49521	TRUE	80491.180000	49220	61.525000	21551	12.817371	2.973934	78.958298	9.847805	78.958298	9.847805
B71example1.fast5	93250208-7de3-4bbe-893e-c6744b675c86	6c174770bb18c3fe1359860d3aeb87b3e8fc498a	0	167	2	34446.133750	149.846000	119876	TRUE	34446.438750	119632	149.541000	52731	15.408889	3.041799	75.792931	9.671952	75.792931	9.671952
B71example2.fast5	cf7f9a34-fe73-4f17-a3fa-de655d663881	6c174770bb18c3fe1359860d3aeb87b3e8fc498a	0	159	4	62126.712750	93.388250	74710	TRUE	62126.779000	74657	93.322000	20196	13.096216	2.597848	71.572441	9.320245	71.572441	9.320245
B71example2.fast5	d0364487-7a9b-477e-bf0e-15aefc734114	6c174770bb18c3fe1359860d3aeb87b3e8fc498a	0	188	4	55850.284500	88.503000	70802	TRUE	55850.284500	70802	88.503000	30441	14.748489	3.005608	81.420250	10.375366	81.420250	10.375366
B71example1.fast5	96b86db1-ea57-4e66-9660-de57c3f0774a	6c174770bb18c3fe1359860d3aeb87b3e8fc498a	0	5	1	77121.250250	126.990750	101592	TRUE	77121.277750	101570	126.963250	42332	14.566032	2.965955	73.682686	9.671952	73.682686	9.671952
B71example1.fast5	96df29e4-bad0-4657-8b98-3a2e71895dc6	6c174770bb18c3fe1359860d3aeb87b3e8fc498a	0	294	2	26412.661500	88.327500	70662	TRUE	26412.695250	70635	88.293750	31289	14.265632	3.034893	78.430740	10.023659	78.430740	10.023659
B71example1.fast5	96e44b56-7f5d-4d9c-9b5e-83bf4e54ebf2	6c174770bb18c3fe1359860d3aeb87b3e8fc498a	0	374	2	12532.959000	7.897500	6318	TRUE	12533.010250	6277	7.846250	2961	17.600967	3.127312	75.265373	9.144391	75.265373	9.144391
B71example1.fast5	9ab32b55-fdee-46f4-b530-fe944a7e8e92	6c174770bb18c3fe1359860d3aeb87b3e8fc498a	0	184	2	208876.534250	16.394750	13115	TRUE	208876.560500	13094	16.368500	6294	10.137750	2.946263	100.412445	10.902927	100.412445	10.902927
B71example1.fast5	a06dcd9f-7def-4878-8b83-d630d9c773b2	6c174770bb18c3fe1359860d3aeb87b3e8fc498a	0	303	3	87146.128750	135.601750	108481	TRUE	87146.145000	108468	135.585500	44368	15.139216	2.959435	80.716835	10.199512	80.716835	10.199512
B71example1.fast5	a92d0882-bc1c-4f2e-aab5-6caa6bab9678	6c174770bb18c3fe1359860d3aeb87b3e8fc498a	0	173	3	12334.153500	37.500500	30000	TRUE	12334.174750	29983	37.479250	14367	17.016088	3.139470	76.848053	10.023659	76.848053	10.023659
B71example1.fast5	aab5da3a-70f2-4e19-97ad-abd709f99cde	6c174770bb18c3fe1359860d3aeb87b3e8fc498a	0	382	2	9554.242750	142.380750	113904	TRUE	9554.274000	113879	142.349500	51121	16.593122	3.080978	74.210251	9.847805	74.210251	9.847805
B71example1.fast5	b3d317a5-10a5-4990-81fa-12f2c48b729e	6c174770bb18c3fe1359860d3aeb87b3e8fc498a	0	423	4	20974.053000	134.132250	107305	TRUE	20974.343000	107073	133.842250	46841	15.728909	3.035832	72.100006	9.496099	72.100006	9.496099
B71example1.fast5	b57634b2-058e-4fe6-856b-e7204d014080	6c174770bb18c3fe1359860d3aeb87b3e8fc498a	0	57	1	61517.030250	59.784250	47827	TRUE	61517.102750	47769	59.711750	21290	13.629275	3.007653	80.892685	10.727074	80.892685	10.727074
B71example1.fast5	b59d1b5f-c793-4b15-8d6f-d9cfb80b7e86	6c174770bb18c3fe1359860d3aeb87b3e8fc498a	0	42	2	68181.027000	16.897000	13517	TRUE	68181.184500	13391	16.739500	3473	15.041166	2.596350	65.593422	8.968537	65.593422	8.968537
B71example1.fast5	b8690546-9337-45c4-8df0-68b0dc989916	6c174770bb18c3fe1359860d3aeb87b3e8fc498a	0	498	4	39892.847750	29.566000	23652	TRUE	39892.890250	23618	29.523500	10683	14.377361	3.042290	77.903175	9.847805	77.903175	9.847805
B71example1.fast5	bca3ab54-7ea8-45f9-ae55-796a37dc4f4d	6c174770bb18c3fe1359860d3aeb87b3e8fc498a	0	264	2	154589.498250	103.810750	83048	TRUE	154589.660750	82918	103.648250	32352	9.189919	2.773162	57.855858	7.737561	57.855858	7.737561
B71example1.fast5	bf2e9fed-3fda-47f2-a2ae-d2b0a8090e17	6c174770bb18c3fe1359860d3aeb87b3e8fc498a	0	509	2	82463.548750	77.235750	61788	TRUE	82463.777500	61605	77.007000	24799	15.541965	2.961052	82.475372	10.199512	82.475372	10.199512
B71example1.fast5	c266b5e4-f173-437f-a3cf-b243e66649d4	6c174770bb18c3fe1359860d3aeb87b3e8fc498a	0	402	4	57755.437000	76.198750	60959	TRUE	57755.477000	60927	76.158750	24827	13.927704	2.939166	82.827080	9.320245	82.827080	9.320245
B71example1.fast5	c3e8a947-3b76-4a4b-8b39-b9c9d01fdf06	6c174770bb18c3fe1359860d3aeb87b3e8fc498a	0	432	3	35028.505250	24.690000	19752	TRUE	35028.585250	19688	24.610000	8957	16.086130	3.088562	77.551468	9.847805	77.551468	9.847805
B71example1.fast5	c810d9ed-2683-475c-9eed-e778d5548c12	6c174770bb18c3fe1359860d3aeb87b3e8fc498a	0	356	3	33344.585750	29.054500	23243	TRUE	33344.713250	23141	28.927000	9385	13.869214	2.936136	75.968788	10.551220	75.968788	10.551220
B71example1.fast5	c8d70b81-2770-40c4-8e5a-24e49dcd786a	6c174770bb18c3fe1359860d3aeb87b3e8fc498a	0	270	1	80522.093000	57.798000	46238	TRUE	80522.173000	46174	57.718000	18804	14.832553	2.945445	73.682686	9.496099	73.682686	9.496099
B71example1.fast5	cb4311e8-67ee-46f0-bd8a-55413ea1686d	6c174770bb18c3fe1359860d3aeb87b3e8fc498a	0	171	4	155883.755500	54.412750	43530	FALSE	155883.994250	43339	54.174000	19413	8.438640	2.842545	81.244392	9.671952	81.244392	9.671952
B71example1.fast5	cb4a18a3-4360-499b-80a3-fe55f7f83a28	6c174770bb18c3fe1359860d3aeb87b3e8fc498a	0	184	2	58396.383250	69.634250	55707	TRUE	58396.507000	55608	69.510500	30405	12.544221	3.167429	80.189270	9.847805	80.189270	9.847805
B71example1.fast5	cc9af57c-619d-4549-9045-3522f04d185a	6c174770bb18c3fe1359860d3aeb87b3e8fc498a	0	214	4	27928.608500	68.950750	55160	TRUE	27928.961000	54878	68.598250	25350	14.685604	3.078314	78.254883	9.847805	78.254883	9.847805
B71example1.fast5	cd40808e-9554-415e-b151-9689d05974fd	6c174770bb18c3fe1359860d3aeb87b3e8fc498a	0	102	4	103420.452750	101.751500	81401	TRUE	103420.525250	81343	101.679000	32597	16.028671	2.952314	81.068542	10.023659	81.068542	10.023659
B71example1.fast5	cd6392d4-3d12-47eb-a024-c23b4bb19a67	6c174770bb18c3fe1359860d3aeb87b3e8fc498a	0	274	1	71671.535500	12.362000	9889	TRUE	71671.709250	9750	12.188250	4470	12.395997	2.978433	76.144638	9.320245	76.144638	9.320245
B71example1.fast5	cf9dd997-3dd0-4928-a3fa-a3c7b676df39	6c174770bb18c3fe1359860d3aeb87b3e8fc498a	0	327	1	100300.656000	30.399500	24319	TRUE	100300.657250	24318	30.398250	9991	17.015711	2.985017	80.540977	10.375366	80.540977	10.375366
B71example1.fast5	d21bf541-023e-48af-9db6-1c8364b544f2	6c174770bb18c3fe1359860d3aeb87b3e8fc498a	0	158	4	20392.957000	3.118500	2494	TRUE	20393.043250	2425	3.032250	1179	12.944610	3.084017	77.375618	9.671952	77.375618	9.671952
B71example1.fast5	d339976d-1dd4-4025-b696-bdfa316fc1d9	6c174770bb18c3fe1359860d3aeb87b3e8fc498a	0	392	4	112421.096250	106.901750	85521	TRUE	112421.603750	85115	106.394250	33775	12.448037	2.875362	63.131466	8.265122	63.131466	8.265122
B71example1.fast5	d3480cc7-f974-4df2-8721-b018ecf5d0c1	6c174770bb18c3fe1359860d3aeb87b3e8fc498a	0	93	1	102573.194750	143.268000	114614	TRUE	102573.286000	114541	143.176750	44456	14.171426	2.882232	77.199760	9.671952	77.199760	9.671952
B71example1.fast5	d705733f-39ca-4efe-89b6-c554c29429c8	6c174770bb18c3fe1359860d3aeb87b3e8fc498a	0	296	2	70033.019750	48.079500	38463	TRUE	70033.024750	38459	48.074500	16242	13.027312	2.954316	79.310005	9.847805	79.310005	9.847805
B71example1.fast5	db4f9cf4-9e7c-4b8f-a362-795e94fced45	6c174770bb18c3fe1359860d3aeb87b3e8fc498a	0	291	4	73441.314750	49.477250	39581	TRUE	73441.396000	39516	49.396000	16060	15.385200	2.968139	78.958298	9.847805	78.958298	9.847805
B71example1.fast5	dd75f57d-dee7-4d45-af29-a5b1d5af8fcf	6c174770bb18c3fe1359860d3aeb87b3e8fc498a	0	290	2	83362.156500	65.379000	52303	TRUE	83362.454000	52065	65.081500	21372	14.566420	2.961476	78.606590	10.023659	78.606590	10.023659
B71example1.fast5	e711fc17-cc4a-4375-a97c-475b45277339	6c174770bb18c3fe1359860d3aeb87b3e8fc498a	0	331	2	27491.706000	94.882750	75906	TRUE	27492.508500	75264	94.080250	31943	14.301445	2.992892	73.682686	9.496099	73.682686	9.496099
B71example1.fast5	ea04ee4e-9283-4d6b-9500-580518017b14	6c174770bb18c3fe1359860d3aeb87b3e8fc498a	0	119	1	73769.846750	36.681000	29344	TRUE	73770.065500	29169	36.462250	12803	14.185533	3.010437	74.913666	9.671952	74.913666	9.671952
B71example1.fast5	f0d722d5-a8db-42e3-8b26-dde3ff56702f	6c174770bb18c3fe1359860d3aeb87b3e8fc498a	0	433	3	24482.354250	49.471000	39576	TRUE	24482.391750	39546	49.433500	18903	15.431454	3.126680	82.475372	10.375366	82.475372	10.375366
B71example2.fast5	0a1c1324-9204-40f5-87f5-0449d762290b	6c174770bb18c3fe1359860d3aeb87b3e8fc498a	0	130	2	71792.909000	79.778000	63822	TRUE	71792.917750	63815	79.769250	28420	13.803756	3.013665	79.134148	10.023659	79.134148	10.023659
B71example2.fast5	0bd4826f-92af-4e9d-bdb9-b627a7e2ccab	6c174770bb18c3fe1359860d3aeb87b3e8fc498a	0	315	4	32248.680750	65.516000	52412	TRUE	32248.757000	52351	65.439750	23505	15.652740	3.058909	78.079033	10.023659	78.079033	10.023659
B71example2.fast5	12abf9ef-080c-4af7-a935-e8e847781fc1	6c174770bb18c3fe1359860d3aeb87b3e8fc498a	0	499	4	93867.653000	71.251750	57001	TRUE	93867.785500	56895	71.119250	23852	15.549958	2.986818	79.837563	10.023659	79.837563	10.023659
B71example2.fast5	14ea6b00-1c1c-4082-8bbf-65a435036a5d	6c174770bb18c3fe1359860d3aeb87b3e8fc498a	0	507	3	18916.362000	99.725500	79780	TRUE	18916.373250	79771	99.714250	42116	14.051021	3.177090	77.375618	10.023659	77.375618	10.023659
B71example2.fast5	219ad381-e667-437b-90ac-d69893a18e10	6c174770bb18c3fe1359860d3aeb87b3e8fc498a	0	352	3	6752.224500	59.814500	47851	TRUE	6752.307000	47785	59.732000	22557	15.711750	3.115377	76.672203	9.671952	76.672203	9.671952
B71example2.fast5	21fc48de-928a-4c00-945f-0bc699d493a6	6c174770bb18c3fe1359860d3aeb87b3e8fc498a	0	98	2	131697.287250	26.037000	20829	TRUE	131697.389750	20747	25.934500	7933	14.837830	2.916735	84.409760	10.551220	84.409760	10.551220
B71example2.fast5	228bfed7-2083-4876-8820-cd5c58fa9015	6c174770bb18c3fe1359860d3aeb87b3e8fc498a	0	144	2	60902.596250	24.868250	19894	TRUE	60902.627500	19869	24.837000	8298	14.273979	2.975483	73.330978	9.847805	73.330978	9.847805
B71example2.fast5	34b6b66b-a733-45ca-a72c-a40ea5ad7970	6c174770bb18c3fe1359860d3aeb87b3e8fc498a	0	181	1	115021.619500	115.528250	92422	TRUE	115021.724500	92338	115.423250	37011	12.462314	2.890010	79.661713	10.023659	79.661713	10.023659
B71example2.fast5	afc252a0-5a6c-48b9-9e2d-082ba4d5794b	6c174770bb18c3fe1359860d3aeb87b3e8fc498a	0	62	2	73663.080500	53.803500	43042	TRUE	73663.141750	42993	53.742250	17115	15.422350	2.936111	73.858543	9.671952	73.858543	9.671952
B71example2.fast5	d0a0d7fc-8b4a-4bcf-8521-bdc4a71a3599	6c174770bb18c3fe1359860d3aeb87b3e8fc498a	0	471	3	62953.484000	254.456000	203564	TRUE	62953.847750	203273	254.092250	50550	16.209026	2.618495	76.496346	9.847805	76.496346	9.847805
B71example2.fast5	d0c241c9-0415-4180-8832-ac2143bf5757	6c174770bb18c3fe1359860d3aeb87b3e8fc498a	0	503	3	92976.645500	148.371750	118697	TRUE	92976.819250	118558	148.198000	48287	14.714456	2.951793	73.330978	9.496099	73.330978	9.496099
B71example2.fast5	d4ca7972-913b-4445-af12-e71f916829d3	6c174770bb18c3fe1359860d3aeb87b3e8fc498a	0	368	3	10186.147750	131.428500	105142	TRUE	10186.251500	105059	131.324750	49052	14.705789	3.094325	76.496346	9.671952	76.496346	9.671952
B71example2.fast5	d8cbf017-ee40-43ea-8e97-3ec96f8bcb92	6c174770bb18c3fe1359860d3aeb87b3e8fc498a	0	184	3	122388.219500	107.481750	85985	TRUE	122388.257000	85955	107.444250	34656	14.466226	2.932607	84.937325	10.375366	84.937325	10.375366
B71example2.fast5	d8d86321-c65e-4d54-af5e-ec1cc1eb09c2	6c174770bb18c3fe1359860d3aeb87b3e8fc498a	0	27	4	32566.934750	99.553250	79642	TRUE	32567.279750	79366	99.208250	36765	12.284524	3.042052	78.958298	9.671952	78.958298	9.671952
B71example2.fast5	d946ddd6-31e9-4378-8044-47ed00b6214c	6c174770bb18c3fe1359860d3aeb87b3e8fc498a	0	166	4	34814.317250	73.276500	58621	TRUE	34814.424750	58535	73.169000	30711	11.588000	3.128851	74.737808	9.320245	74.737808	9.320245
B71example2.fast5	d9f8db9e-8267-4013-a73d-931f5ad3fb99	6c174770bb18c3fe1359860d3aeb87b3e8fc498a	0	343	3	41414.721250	54.733000	43786	TRUE	41414.880000	43659	54.574250	19246	15.741904	3.045711	75.792931	9.671952	75.792931	9.671952
B71example2.fast5	da5a4323-e611-4f12-a181-e7716bd1cfa8	6c174770bb18c3fe1359860d3aeb87b3e8fc498a	0	159	3	120709.785250	29.897250	23917	TRUE	120709.979000	23762	29.703500	8496	14.116570	2.822668	82.827080	9.671952	82.827080	9.671952
B71example2.fast5	daf33c06-bb1b-4f8d-b09c-aa0e8199cc22	6c174770bb18c3fe1359860d3aeb87b3e8fc498a	0	186	1	171052.807500	59.082000	47265	TRUE	171052.848750	47232	59.040750	17031	9.936999	2.765847	106.743179	11.782196	106.743179	11.782196
B71example2.fast5	dd429f54-6930-4a72-ad52-d8c58811d72f	6c174770bb18c3fe1359860d3aeb87b3e8fc498a	0	370	3	74129.122000	172.494000	137995	TRUE	74129.254500	137889	172.361500	57896	11.368889	2.895969	75.265373	9.496099	75.265373	9.496099
B71example2.fast5	df893b96-828a-4e5c-9a7d-3d9a6e29ca77	6c174770bb18c3fe1359860d3aeb87b3e8fc498a	0	94	3	7942.732000	24.032750	19226	TRUE	7942.744500	19216	24.020250	7835	16.627375	2.994540	75.968788	10.023659	75.968788	10.023659
B71example2.fast5	e13b8d70-58de-423d-a45a-2292dd204ddb	6c174770bb18c3fe1359860d3aeb87b3e8fc498a	0	109	2	41581.758750	118.470000	94776	TRUE	41581.945000	94627	118.283750	40678	14.300184	3.001316	74.913666	9.671952	74.913666	9.671952
B71example2.fast5	e1f446d9-5bbb-4610-b47b-04a14e82abbb	6c174770bb18c3fe1359860d3aeb87b3e8fc498a	0	179	4	21775.112250	63.115000	50492	TRUE	21775.216000	50409	63.011250	22069	15.196548	3.037105	77.903175	10.199512	77.903175	10.199512
B71example2.fast5	eae4faae-0bd2-4ed5-aba6-423f3ac0a199	6c174770bb18c3fe1359860d3aeb87b3e8fc498a	0	56	1	89931.681000	61.471000	49176	TRUE	89931.717250	49147	61.434750	24447	10.604694	3.009547	80.013420	10.023659	80.013420	10.023659
B71example2.fast5	eca075a1-3dc7-4372-bea9-eea62c115b40	6c174770bb18c3fe1359860d3aeb87b3e8fc498a	0	354	2	32179.943500	116.874250	93499	TRUE	32179.984750	93466	116.833000	39721	15.919010	3.003549	79.310005	10.199512	79.310005	10.199512
B71example2.fast5	f3d79dad-3083-4693-84a8-49a74231c46e	6c174770bb18c3fe1359860d3aeb87b3e8fc498a	0	364	1	90963.839750	97.015750	77612	TRUE	90963.894750	77568	96.960750	34266	13.261384	2.977018	72.979271	9.496099	72.979271	9.496099
B71example2.fast5	fcd3a097-2dc5-4a92-9d42-2936e21f7ebb	6c174770bb18c3fe1359860d3aeb87b3e8fc498a	0	179	4	123762.697000	221.045250	176836	TRUE	123762.794500	176758	220.947750	69225	13.850830	2.894627	79.134148	9.847805	79.134148	9.847805
B71example2.fast5	fd6c0ee2-ed35-4b85-9711-a05ab7609a00	6c174770bb18c3fe1359860d3aeb87b3e8fc498a	0	176	3	35722.904250	76.653500	61322	TRUE	35723.040500	61213	76.517250	30025	11.589257	3.059229	76.848053	9.847805	76.848053	9.847805
B71example2.fast5	fea88fa6-c0e6-400e-a6eb-22ab4ba6c712	6c174770bb18c3fe1359860d3aeb87b3e8fc498a	0	503	3	90379.591250	54.142750	43314	TRUE	90379.605000	43303	54.129000	19086	14.495865	3.018756	73.330978	9.671952	73.330978	9.671952
B71example2.fast5	ff541fd8-b549-41a9-9877-03b05e2fd5b4	6c174770bb18c3fe1359860d3aeb87b3e8fc498a	0	442	1	126770.860250	73.251500	58601	TRUE	126770.891500	58576	73.220250	23316	15.274155	2.929918	96.191956	11.430489	96.191956	11.430489
